Iteration,Experiment,Time,Objective,Columns,Difference,RMP_time,Graph_time,SPFA_time,Label_time,Filter_time,Iteration_time
001,21,2025-10-26 02:07:46,148098.28,1408,1000000.0,0.4805,0.1612,8.1681,0.0216,0.0216,8.8339
002,21,2025-10-26 02:07:46,148098.28,1438,0.0,0.4804,0.1243,9.3062,0.0,0.0,9.9228
003,21,2025-10-26 02:07:46,147894.38,1456,203.9,0.5179,0.1124,8.8097,0.0228,0.0228,9.4755
004,21,2025-10-26 02:07:46,144139.44,1482,3754.94,0.6383,0.1411,8.9138,0.0121,0.0121,9.7053
005,21,2025-10-26 02:07:46,141899.57,1508,2239.87,0.619,0.1391,10.0989,0.017,0.017,10.8805
006,21,2025-10-26 02:07:46,139758.22,1535,2141.34,0.554,0.1486,8.7572,0.0139,0.0139,9.4761
007,21,2025-10-26 02:07:46,138513.22,1555,1245.01,0.5811,0.1269,10.5587,0.0085,0.0085,11.2762
008,21,2025-10-26 02:07:46,137078.56,1576,1434.66,0.6494,0.1222,9.3498,0.0178,0.0178,10.1393
009,21,2025-10-26 02:07:46,135825.31,1602,1253.25,0.5744,0.1296,9.8921,0.0103,0.0103,10.6074
010,21,2025-10-26 02:07:46,134197.14,1632,1628.17,0.7062,0.1155,9.2672,0.0205,0.0205,10.1103
011,21,2025-10-26 02:07:46,133674.61,1649,522.53,0.5746,0.1499,8.1523,0.0123,0.0123,8.8892
012,21,2025-10-26 02:07:46,132766.02,1676,908.59,0.6437,0.1111,8.6596,0.008,0.008,9.424
013,21,2025-10-26 02:07:46,131591.21,1698,1174.81,0.6954,0.1066,8.9124,0.0058,0.0058,9.7363
014,21,2025-10-26 02:07:46,130474.53,1719,1116.68,0.7487,0.1369,8.9528,0.01,0.01,9.8675
015,21,2025-10-26 02:07:46,129120.54,1745,1353.99,0.8655,0.1263,9.0364,0.0239,0.0239,10.0531
016,21,2025-10-26 02:07:46,128254.94,1761,865.6,0.7833,0.1201,7.943,0.0111,0.0111,8.8647
017,21,2025-10-26 02:07:46,127521.94,1773,733.0,0.676,0.1134,9.7043,0.0122,0.0122,10.5115
018,21,2025-10-26 02:07:46,126880.78,1801,641.16,0.7088,0.1776,9.4532,0.019,0.019,10.3855
019,21,2025-10-26 02:07:46,126088.34,1821,792.43,2.4517,0.2569,8.9028,0.0159,0.0159,11.6753
020,21,2025-10-26 02:07:46,125472.12,1850,616.22,0.7097,0.1725,8.7833,0.0,0.0,9.6734
021,21,2025-10-26 02:07:46,124772.66,1867,699.46,0.6724,0.1251,9.1735,0.0096,0.0096,9.9837
022,21,2025-10-26 02:07:46,124158.27,1894,614.39,0.7943,0.1602,8.2804,0.0,0.0,9.2348
023,21,2025-10-26 02:07:46,123344.73,1912,813.54,0.7978,0.1098,7.2292,0.0,0.0,8.1367
024,21,2025-10-26 02:07:46,122712.77,1935,631.96,0.7833,0.1225,7.8578,0.0105,0.0105,8.7757
025,21,2025-10-26 02:07:46,122193.24,1953,519.53,0.8172,0.1013,7.7815,0.0,0.0,8.703
026,21,2025-10-26 02:07:46,121673.88,1971,519.35,0.8313,0.1044,7.5572,0.0165,0.0165,8.5221
027,21,2025-10-26 02:07:46,121177.05,1983,496.83,0.7193,0.1012,7.6243,0.0159,0.0159,8.4616
028,21,2025-10-26 02:07:46,120876.79,2003,300.27,0.8107,0.1075,8.2703,0.0,0.0,9.1915
029,21,2025-10-26 02:07:46,120360.96,2028,515.82,0.7416,0.1062,8.2868,0.0122,0.0122,9.1499
030,21,2025-10-26 02:07:46,119897.4,2045,463.56,0.7784,0.1027,8.3647,0.0142,0.0142,9.2641
031,21,2025-10-26 02:07:46,119474.82,2063,422.58,0.731,0.109,7.7019,0.0247,0.0247,8.5667
032,21,2025-10-26 02:07:46,119070.34,2083,404.48,0.7498,0.1007,7.6936,0.0101,0.0101,8.5558
033,21,2025-10-26 02:07:46,118679.48,2107,390.85,0.8532,0.1093,7.4616,0.0,0.0,8.4257
034,21,2025-10-26 02:07:46,118256.06,2125,423.43,0.8947,0.1143,7.7934,0.0071,0.0071,8.8256
035,21,2025-10-26 02:07:46,117910.05,2142,346.01,0.8508,0.0987,7.3892,0.007,0.007,8.3522
036,21,2025-10-26 02:07:46,117487.83,2168,422.21,0.8201,0.1046,7.6102,0.0,0.0,8.5456
037,21,2025-10-26 02:07:46,117073.3,2196,414.53,0.9515,0.1168,8.3211,0.0,0.0,9.3895
038,21,2025-10-26 02:07:46,116560.01,2216,513.29,0.8816,0.1143,8.1673,0.0139,0.0139,9.178
039,21,2025-10-26 02:07:46,115931.31,2233,628.7,0.8437,0.1517,7.0517,0.0097,0.0097,8.0589
040,21,2025-10-26 02:07:46,115688.32,2252,242.99,1.0037,0.1193,7.5188,0.008,0.008,8.6683
041,21,2025-10-26 02:07:46,115855.61,2271,167.29,0.776,0.1032,7.7305,0.0,0.0,8.6119
042,21,2025-10-26 02:07:46,115396.59,2294,459.03,0.913,0.0973,8.5058,0.0055,0.0055,9.5236
043,21,2025-10-26 02:07:46,115104.75,2314,291.84,0.9499,0.096,7.8818,0.0,0.0,8.9286
044,21,2025-10-26 02:07:46,114879.58,2353,225.17,0.8852,0.0954,8.341,0.0087,0.0087,9.3639
045,21,2025-10-26 02:07:46,114642.15,2380,237.43,0.8346,0.0927,7.7314,0.0083,0.0083,8.6701
046,21,2025-10-26 02:07:46,114337.98,2394,304.17,0.9614,0.1053,7.3471,0.0087,0.0087,8.4235
047,21,2025-10-26 02:07:46,114144.01,2418,193.97,0.8992,0.0924,7.1593,0.01,0.01,8.1655
048,21,2025-10-26 02:07:46,113892.72,2447,251.29,0.8902,0.1358,8.4339,0.0118,0.0118,9.4744
049,21,2025-10-26 02:07:46,113668.7,2473,224.02,1.0528,0.1055,8.0294,0.0058,0.0058,9.195
050,21,2025-10-26 02:07:46,113263.05,2488,405.65,0.9274,0.0933,7.9033,0.0136,0.0136,8.9419
051,21,2025-10-26 02:07:46,113629.29,2508,366.25,1.0329,0.1206,7.4033,0.0073,0.0073,8.5641
052,21,2025-10-26 02:07:46,113162.7,2532,466.6,0.9207,0.0893,7.626,0.0118,0.0118,8.6517
053,21,2025-10-26 02:07:46,112926.75,2558,235.95,1.0296,0.0878,7.7665,0.0085,0.0085,8.8944
054,21,2025-10-26 02:07:46,112661.55,2578,265.2,0.9687,0.1274,8.1712,0.0218,0.0218,9.2987
055,21,2025-10-26 02:07:46,112430.52,2594,231.03,0.9582,0.1003,7.7454,0.01,0.01,8.8159
056,21,2025-10-26 02:07:46,112276.7,2618,153.82,1.0555,0.0833,9.135,0.009,0.009,10.2864
057,21,2025-10-26 02:07:46,112142.95,2648,133.75,0.9575,0.0904,9.0546,0.008,0.008,10.1144
058,21,2025-10-26 02:07:46,111937.66,2676,205.28,0.939,0.1056,8.5619,0.008,0.008,9.6166
059,21,2025-10-26 02:07:46,111787.09,2696,150.58,0.9954,0.091,7.7008,0.0058,0.0058,8.7948
060,21,2025-10-26 02:07:46,111634.23,2722,152.86,1.1504,0.1415,7.9432,0.0095,0.0095,9.2467
061,21,2025-10-26 02:07:46,111748.35,2747,114.12,1.1313,0.1017,7.1677,0.0098,0.0098,8.4106
062,21,2025-10-26 02:07:46,111440.15,2763,308.2,1.2657,0.1399,8.2163,0.0071,0.0071,9.6341
063,21,2025-10-26 02:07:46,111329.77,2786,110.38,1.036,0.0788,7.8609,0.0056,0.0056,8.9814
064,21,2025-10-26 02:07:46,111185.11,2824,144.66,1.1374,0.0983,9.3862,0.0,0.0,10.6247
065,21,2025-10-26 02:07:46,111011.87,2851,173.24,1.064,0.0966,9.0424,0.0091,0.0091,10.2121
066,21,2025-10-26 02:07:46,110819.72,2868,192.15,1.0836,0.1163,8.3187,0.0135,0.0135,9.5343
067,21,2025-10-26 02:07:46,110665.4,2888,154.32,1.1733,0.0922,8.2975,0.006,0.006,9.5699
068,21,2025-10-26 02:07:46,110543.31,2917,122.08,1.0976,0.0907,9.3155,0.0095,0.0095,10.5142
069,21,2025-10-26 02:07:46,110411.03,2941,132.28,1.2345,0.1882,8.9095,0.0078,0.0078,10.3441
070,21,2025-10-26 02:07:46,110216.56,2954,194.47,1.2727,0.0964,8.2912,0.0048,0.0048,9.6671
071,21,2025-10-26 02:07:46,110518.62,2969,302.06,1.219,0.088,6.9216,0.0078,0.0078,8.2364
072,21,2025-10-26 02:07:46,110265.6,2998,253.03,1.0862,0.0897,8.2474,0.0,0.0,9.4319
073,21,2025-10-26 02:07:46,110046.98,3029,218.62,1.1724,0.0839,7.4364,0.0,0.0,8.6926
074,21,2025-10-26 02:07:46,109911.17,3067,135.81,1.3246,0.1304,7.9234,0.0049,0.0049,9.3843
075,21,2025-10-26 02:07:46,109773.38,3089,137.79,1.1197,0.0991,7.9896,0.0153,0.0153,9.2252
076,21,2025-10-26 02:07:46,109676.78,3109,96.6,1.2027,0.1377,9.7999,0.0276,0.0276,11.3168
077,21,2025-10-26 02:07:46,109573.38,3135,103.4,2.9598,0.2446,10.5414,0.0079,0.0079,13.8945
078,21,2025-10-26 02:07:46,109464.54,3167,108.83,1.3467,0.0907,10.5851,0.0078,0.0078,12.0309
079,21,2025-10-26 02:07:46,109347.67,3187,116.87,1.3488,0.2268,8.3444,0.0109,0.0109,9.9338
080,21,2025-10-26 02:07:46,109215.56,3219,132.12,1.4679,0.1665,8.8059,0.0119,0.0119,10.4543
081,21,2025-10-26 02:07:46,109259.1,3240,43.54,1.3053,0.0987,8.1146,0.0118,0.0118,9.5308
082,21,2025-10-26 02:07:46,109093.28,3268,165.82,1.3469,0.1275,7.8362,0.0058,0.0058,9.3228
083,21,2025-10-26 02:07:46,108959.74,3296,133.54,1.3543,0.1604,7.6889,0.006,0.006,9.2162
084,21,2025-10-26 02:07:46,108895.02,3324,64.71,1.3675,0.1157,8.0007,0.0073,0.0073,9.4961
085,21,2025-10-26 02:07:46,108815.15,3348,79.87,1.4073,0.106,10.7231,0.0061,0.0061,12.2475
086,21,2025-10-26 02:07:46,108727.33,3379,87.82,1.5696,0.1273,8.6438,0.004,0.004,10.3568
087,21,2025-10-26 02:07:46,108641.93,3408,85.4,1.4581,0.117,9.1398,0.0138,0.0138,10.7341
088,21,2025-10-26 02:07:46,108527.89,3432,114.04,1.338,0.1067,8.6495,0.0083,0.0083,10.1025
089,21,2025-10-26 02:07:46,108440.08,3451,87.81,1.3514,0.114,8.2087,0.004,0.004,9.6822
090,21,2025-10-26 02:07:46,108375.34,3473,64.74,1.3815,0.0863,8.9972,0.0,0.0,10.469
091,21,2025-10-26 02:07:46,108657.39,3494,282.05,1.4622,0.1631,8.3929,0.0091,0.0091,10.0288
092,21,2025-10-26 02:07:46,108309.87,3512,347.53,1.6272,0.1136,8.2848,0.01,0.01,10.0385
093,21,2025-10-26 02:07:46,108096.89,3535,212.98,1.531,0.1792,8.2858,0.0,0.0,10.0115
094,21,2025-10-26 02:07:46,107912.6,3569,184.29,1.4477,0.0916,8.6855,0.0017,0.0017,10.233
095,21,2025-10-26 02:07:46,107715.81,3595,196.8,1.7156,0.1042,7.7714,0.0082,0.0082,9.6073
096,21,2025-10-26 02:07:46,107578.58,3613,137.23,1.5925,0.0917,8.4563,0.0112,0.0112,10.1584
097,21,2025-10-26 02:07:46,107499.8,3639,78.78,1.5536,0.098,8.301,0.0085,0.0085,9.9641
098,21,2025-10-26 02:07:46,107387.85,3674,111.95,1.6545,0.1001,8.5733,0.006,0.006,10.3366
099,21,2025-10-26 02:07:46,107275.35,3699,112.5,1.615,0.0924,9.2685,0.0101,0.0101,10.9868
100,21,2025-10-26 02:07:46,107166.36,3723,108.99,1.4897,0.0986,9.832,0.0058,0.0058,11.4267
