Iteration,Experiment,Time,Objective,Columns,Difference,RMP_time,Graph_time,SPFA_time,Label_time,Filter_time,Iteration_time
001,23,2025-10-26 02:46:58,145408.34,1428,1000000.0,0.4249,0.1127,9.6401,0.0184,0.0184,10.1983
002,23,2025-10-26 02:46:58,145251.15,1448,157.19,0.6368,0.1721,8.1198,0.0157,0.0157,8.9484
003,23,2025-10-26 02:46:58,142918.8,1471,2332.35,0.6372,0.1112,9.7725,0.0047,0.0047,10.5256
004,23,2025-10-26 02:46:58,141040.13,1499,1878.67,0.6078,0.1058,8.7327,0.0,0.0,9.4467
005,23,2025-10-26 02:46:58,139132.74,1524,1907.4,0.6193,0.1215,9.6481,0.0094,0.0094,10.3983
006,23,2025-10-26 02:46:58,137372.78,1557,1759.95,0.5784,0.1735,8.9947,0.0059,0.0059,9.7546
007,23,2025-10-26 02:46:58,136053.24,1575,1319.55,0.6068,0.1204,8.5172,0.011,0.011,9.2553
008,23,2025-10-26 02:46:58,134754.3,1608,1298.93,0.6088,0.1282,9.5861,0.0078,0.0078,10.3319
009,23,2025-10-26 02:46:58,133187.32,1629,1566.98,0.6441,0.119,8.9418,0.0123,0.0123,9.7202
010,23,2025-10-26 02:46:58,131912.93,1654,1274.4,0.5969,0.1787,7.8362,0.006,0.006,8.6193
011,23,2025-10-26 02:46:58,130978.26,1682,934.66,0.6817,0.1299,9.154,0.008,0.008,9.9736
012,23,2025-10-26 02:46:58,130101.29,1705,876.98,0.6448,0.1257,9.6158,0.0177,0.0177,10.404
013,23,2025-10-26 02:46:58,129275.81,1733,825.48,0.7069,0.1213,8.7854,0.0136,0.0136,9.6282
014,23,2025-10-26 02:46:58,128493.35,1758,782.45,0.6482,0.1163,9.232,0.0219,0.0219,10.0235
015,23,2025-10-26 02:46:58,127599.2,1791,894.16,0.7618,0.1138,10.0228,0.0,0.0,10.9002
016,23,2025-10-26 02:46:58,126537.38,1822,1061.82,0.8359,0.1624,8.5232,0.0059,0.0059,9.528
017,23,2025-10-26 02:46:58,125786.94,1841,750.43,0.807,0.1509,8.4487,0.0,0.0,9.4077
018,23,2025-10-26 02:46:58,125315.5,1866,471.44,0.957,0.1355,8.7896,0.014,0.014,9.8996
019,23,2025-10-26 02:46:58,124866.69,1894,448.81,0.8178,0.1369,10.0005,0.0164,0.0164,10.9735
020,23,2025-10-26 02:46:58,124125.36,1918,741.34,0.8468,0.1281,10.6693,0.0138,0.0138,11.66
021,23,2025-10-26 02:46:58,123450.28,1932,675.08,0.7011,0.1222,9.049,0.0163,0.0163,9.8887
022,23,2025-10-26 02:46:58,123008.98,1959,441.3,0.7489,0.1127,8.6309,0.002,0.002,9.5015
023,23,2025-10-26 02:46:58,122521.52,1981,487.46,0.7975,0.1296,10.0153,0.0088,0.0088,10.9523
024,23,2025-10-26 02:46:58,122169.08,2009,352.45,0.9733,0.2312,8.622,0.004,0.004,9.8326
025,23,2025-10-26 02:46:58,121576.4,2034,592.68,0.9152,0.1972,9.4323,0.0203,0.0203,10.565
026,23,2025-10-26 02:46:58,121189.4,2059,386.99,0.9375,0.1059,8.46,0.0097,0.0097,9.5141
027,23,2025-10-26 02:46:58,120543.46,2079,645.94,0.9635,0.1279,7.9298,0.0,0.0,9.0241
028,23,2025-10-26 02:46:58,120026.63,2097,516.83,0.8499,0.1236,7.8842,0.014,0.014,8.8726
029,23,2025-10-26 02:46:58,119425.94,2116,600.69,0.9227,0.1237,8.6641,0.0139,0.0139,9.725
030,23,2025-10-26 02:46:58,118873.93,2141,552.01,0.9538,0.1158,9.3784,0.0098,0.0098,10.4621
031,23,2025-10-26 02:46:58,118735.86,2165,138.06,0.8493,0.1238,9.7455,0.0196,0.0196,10.7382
032,23,2025-10-26 02:46:58,118258.42,2178,477.44,1.1342,0.2146,8.6327,0.0154,0.0154,10.0051
033,23,2025-10-26 02:46:58,117938.54,2196,319.87,1.0413,0.1295,7.2174,0.0066,0.0066,8.4067
034,23,2025-10-26 02:46:58,117490.41,2222,448.13,0.957,0.1201,8.1023,0.0136,0.0136,9.196
035,23,2025-10-26 02:46:58,117178.65,2251,311.76,0.9949,0.1199,9.2405,0.011,0.011,10.3683
036,23,2025-10-26 02:46:58,116652.11,2282,526.54,1.0261,0.1393,7.7112,0.0118,0.0118,8.8958
037,23,2025-10-26 02:46:58,116021.34,2301,630.77,1.092,0.0977,8.6848,0.008,0.008,9.8835
038,23,2025-10-26 02:46:58,115450.1,2319,571.24,1.1789,0.1543,9.0492,0.0116,0.0116,10.3953
039,23,2025-10-26 02:46:58,115073.15,2339,376.94,1.0778,0.11,8.142,0.0167,0.0167,9.3477
040,23,2025-10-26 02:46:58,114819.94,2360,253.22,1.2505,0.1432,7.6663,0.0,0.0,9.0617
041,23,2025-10-26 02:46:58,114729.07,2389,90.86,1.0344,0.1946,8.3417,0.0162,0.0162,9.591
042,23,2025-10-26 02:46:58,114395.95,2422,333.13,1.0237,0.2251,9.1128,0.006,0.006,10.402
043,23,2025-10-26 02:46:58,113871.11,2443,524.84,1.2255,0.1424,10.0947,0.0,0.0,11.4687
044,23,2025-10-26 02:46:58,113462.0,2463,409.11,1.095,0.2738,8.6786,0.0105,0.0105,10.0606
045,23,2025-10-26 02:46:58,113248.42,2484,213.57,1.1193,0.2069,9.1867,0.0161,0.0161,10.5342
046,23,2025-10-26 02:46:58,112946.72,2509,301.7,1.3297,0.1478,8.5492,0.0134,0.0134,10.0447
047,23,2025-10-26 02:46:58,112685.46,2539,261.27,1.2623,0.1586,8.8735,0.0077,0.0077,10.3042
048,23,2025-10-26 02:46:58,112453.57,2569,231.89,1.3264,0.1393,8.5742,0.002,0.002,10.0517
049,23,2025-10-26 02:46:58,112172.22,2588,281.34,1.3862,0.1338,9.6182,0.0046,0.0046,11.1531
050,23,2025-10-26 02:46:58,111965.75,2611,206.47,1.4653,0.22,8.7446,0.0,0.0,10.4336
051,23,2025-10-26 02:46:58,112602.85,2629,637.1,1.3204,0.1684,8.6721,0.0072,0.0072,10.1837
052,23,2025-10-26 02:46:58,112182.64,2651,420.21,1.3395,0.1315,8.3718,0.0,0.0,9.8428
053,23,2025-10-26 02:46:58,111810.99,2687,371.65,1.3475,0.1593,9.222,0.0088,0.0088,10.7573
054,23,2025-10-26 02:46:58,111406.75,2709,404.24,1.242,0.1427,8.0142,0.0,0.0,9.4021
055,23,2025-10-26 02:46:58,111163.38,2726,243.38,1.3949,0.1287,8.5079,0.0094,0.0094,10.0408
056,23,2025-10-26 02:46:58,111016.85,2752,146.53,1.5521,0.1357,8.6125,0.0117,0.0117,10.3212
057,23,2025-10-26 02:46:58,110896.61,2771,120.24,1.3902,0.1469,8.4723,0.0108,0.0108,10.0232
058,23,2025-10-26 02:46:58,110720.36,2803,176.25,1.3988,0.1991,8.368,0.0143,0.0143,9.9802
059,23,2025-10-26 02:46:58,110522.77,2821,197.59,1.2994,0.1339,8.0465,0.0066,0.0066,9.4865
060,23,2025-10-26 02:46:58,110327.41,2848,195.36,1.503,0.1212,8.8823,0.0077,0.0077,10.5446
061,23,2025-10-26 02:46:58,110554.89,2869,227.48,1.2641,0.1281,9.55,0.002,0.002,10.9539
062,23,2025-10-26 02:46:58,110022.72,2892,532.17,1.5032,0.1713,8.2503,0.0105,0.0105,9.9413
063,23,2025-10-26 02:46:58,109834.98,2909,187.74,1.2478,0.1974,9.0953,0.0058,0.0058,10.5511
064,23,2025-10-26 02:46:58,109695.58,2936,139.4,1.4753,0.1361,9.5182,0.0077,0.0077,11.1374
065,23,2025-10-26 02:46:58,109470.21,2966,225.37,1.2831,0.1142,8.7125,0.0065,0.0065,10.1177
066,23,2025-10-26 02:46:58,109330.83,2986,139.37,1.353,0.1911,9.3146,0.0159,0.0159,10.8775
067,23,2025-10-26 02:46:58,109201.77,3017,129.06,1.4344,0.2177,9.6552,0.0157,0.0157,11.3382
068,23,2025-10-26 02:46:58,108983.46,3039,218.31,1.163,0.1073,7.9222,0.0147,0.0147,9.2072
069,23,2025-10-26 02:46:58,108841.81,3074,141.65,1.2132,0.1126,8.8306,0.008,0.008,10.1657
070,23,2025-10-26 02:46:58,108609.05,3095,232.76,1.2724,0.1239,8.5364,0.0038,0.0038,9.9363
071,23,2025-10-26 02:46:58,108757.68,3106,148.63,1.1767,0.1004,7.7697,0.0164,0.0164,9.0667
072,23,2025-10-26 02:46:58,108518.36,3134,239.32,1.2838,0.0984,8.6548,0.0,0.0,10.0396
073,23,2025-10-26 02:46:58,108357.76,3160,160.59,1.2626,0.1145,8.3192,0.0074,0.0074,9.7036
074,23,2025-10-26 02:46:58,108181.24,3200,176.52,1.3743,0.1214,8.9509,0.0197,0.0197,10.4695
075,23,2025-10-26 02:46:58,107994.44,3240,186.8,1.2724,0.1365,9.1531,0.0058,0.0058,10.5709
076,23,2025-10-26 02:46:58,107835.43,3277,159.01,1.5227,0.1284,9.4313,0.0137,0.0137,11.1
077,23,2025-10-26 02:46:58,107697.78,3301,137.65,1.2816,0.0977,8.8363,0.006,0.006,10.2274
078,23,2025-10-26 02:46:58,107551.88,3331,145.9,1.3632,0.21,9.0638,0.002,0.002,10.6665
079,23,2025-10-26 02:46:58,107367.27,3355,184.62,1.5302,0.1042,8.6915,0.0,0.0,10.3279
080,23,2025-10-26 02:46:58,107211.01,3390,156.25,1.4273,0.1145,9.0127,0.0,0.0,10.5564
081,23,2025-10-26 02:46:58,107633.6,3414,422.58,1.3543,0.1081,8.1729,0.0098,0.0098,9.6495
082,23,2025-10-26 02:46:58,107264.46,3438,369.14,1.4353,0.0991,8.1423,0.0071,0.0071,9.6883
083,23,2025-10-26 02:46:58,107061.13,3466,203.32,1.3209,0.0805,8.2997,0.0066,0.0066,9.7288
084,23,2025-10-26 02:46:58,106926.03,3497,135.1,1.3577,0.0913,7.9836,0.0038,0.0038,9.4386
085,23,2025-10-26 02:46:58,106788.54,3523,137.49,1.4941,0.1398,8.8733,0.0141,0.0141,10.5288
086,23,2025-10-26 02:46:58,106650.45,3541,138.09,1.4163,0.1877,8.7976,0.0063,0.0063,10.4214
087,23,2025-10-26 02:46:58,106567.82,3560,82.62,1.6163,0.1798,8.0837,0.006,0.006,9.8858
088,23,2025-10-26 02:46:58,106504.21,3582,63.61,1.5262,0.0987,8.1302,0.014,0.014,9.7714
089,23,2025-10-26 02:46:58,106435.17,3604,69.04,1.5449,0.1301,8.9012,0.0086,0.0086,10.5913
090,23,2025-10-26 02:46:58,106368.06,3645,67.1,1.5781,0.1051,9.8479,0.0116,0.0116,11.5467
091,23,2025-10-26 02:46:58,106897.2,3671,529.14,1.7335,0.0949,7.86,0.0122,0.0122,9.7005
092,23,2025-10-26 02:46:58,106607.17,3693,290.03,1.6212,0.0904,10.1416,0.0098,0.0098,11.8661
093,23,2025-10-26 02:46:58,106411.32,3718,195.85,1.6035,0.0911,8.5924,0.0,0.0,10.287
094,23,2025-10-26 02:46:58,106320.57,3738,90.75,1.6766,0.0806,8.4814,0.0,0.0,10.2385
095,23,2025-10-26 02:46:58,106141.85,3762,178.72,1.6135,0.0938,13.6663,0.008,0.008,15.3858
096,23,2025-10-26 02:46:58,105904.39,3779,237.46,2.1811,0.2603,7.9823,0.0138,0.0138,10.4644
097,23,2025-10-26 02:46:58,105814.42,3809,89.97,1.6262,0.161,8.2273,0.0,0.0,10.0176
098,23,2025-10-26 02:46:58,105709.74,3830,104.69,1.7058,0.149,8.4706,0.0,0.0,10.3273
099,23,2025-10-26 02:46:58,105635.48,3858,74.26,1.6862,0.12,7.0972,0.004,0.004,8.9186
100,23,2025-10-26 02:46:58,105573.46,3877,62.02,1.547,0.1042,7.429,0.009,0.009,9.093
