Iteration,Experiment,Time,Objective,Columns,Difference,RMP_time,Graph_time,SPFA_time,Label_time,Filter_time,Iteration_time
001,27,2025-10-26 03:59:46,151200.76,1436,1000000.0,0.4194,0.1778,8.5689,0.0062,0.0062,9.1739
002,27,2025-10-26 03:59:46,151037.17,1457,163.58,0.4769,0.1327,9.2265,0.0086,0.0086,9.8456
003,27,2025-10-26 03:59:46,148435.89,1482,2601.29,0.588,0.1208,8.7898,0.0117,0.0117,9.5133
004,27,2025-10-26 03:59:46,146570.06,1507,1865.83,0.4855,0.1101,9.8095,0.0104,0.0104,10.4155
005,27,2025-10-26 03:59:46,144085.55,1538,2484.51,0.6693,0.1484,9.2685,0.0,0.0,10.0873
006,27,2025-10-26 03:59:46,142678.83,1564,1406.72,0.5713,0.1218,8.5432,0.0196,0.0196,9.3018
007,27,2025-10-26 03:59:46,139984.64,1590,2694.19,0.6629,0.1465,8.6143,0.0103,0.0103,9.435
008,27,2025-10-26 03:59:46,137810.78,1610,2173.86,0.6447,0.1128,8.901,0.004,0.004,9.6662
009,27,2025-10-26 03:59:46,136880.22,1634,930.56,0.6554,0.1381,8.7348,0.0132,0.0132,9.5461
010,27,2025-10-26 03:59:46,135816.34,1650,1063.88,0.6787,0.1265,7.8564,0.0061,0.0061,8.6706
011,27,2025-10-26 03:59:46,134901.6,1667,914.74,0.576,0.1324,10.2814,0.0106,0.0106,11.0034
012,27,2025-10-26 03:59:46,133960.18,1690,941.42,0.6373,0.1191,8.0742,0.0,0.0,8.8316
013,27,2025-10-26 03:59:46,133118.63,1706,841.56,0.6879,0.2262,7.5519,0.0119,0.0119,8.4805
014,27,2025-10-26 03:59:46,132526.36,1725,592.27,0.6234,0.1236,9.246,0.0086,0.0086,10.0036
015,27,2025-10-26 03:59:46,131811.42,1758,714.94,0.8397,0.1212,9.8794,0.002,0.002,10.8444
016,27,2025-10-26 03:59:46,130758.52,1779,1052.9,0.7526,0.1355,8.765,0.0,0.0,9.6544
017,27,2025-10-26 03:59:46,129723.74,1804,1034.77,0.6958,0.1637,8.4891,0.0096,0.0096,9.3603
018,27,2025-10-26 03:59:46,128500.96,1832,1222.79,0.664,0.1329,8.6274,0.0168,0.0168,9.4411
019,27,2025-10-26 03:59:46,127479.47,1853,1021.49,0.8114,0.1249,9.3084,0.0281,0.0281,10.2747
020,27,2025-10-26 03:59:46,126469.12,1870,1010.35,0.7834,0.1214,8.6344,0.0175,0.0175,9.5587
021,27,2025-10-26 03:59:46,125978.4,1889,490.73,0.5814,0.0984,8.0072,0.014,0.014,8.7021
022,27,2025-10-26 03:59:46,125313.83,1919,664.57,0.8386,0.1246,8.4989,0.006,0.006,9.4719
023,27,2025-10-26 03:59:46,124288.86,1943,1024.97,0.8587,0.173,8.5115,0.005,0.005,9.5542
024,27,2025-10-26 03:59:46,123409.37,1958,879.49,0.7879,0.1486,7.913,0.0096,0.0096,8.8656
025,27,2025-10-26 03:59:46,122771.23,1980,638.14,0.8187,0.1207,7.8562,0.0079,0.0079,8.8082
026,27,2025-10-26 03:59:46,121940.19,2003,831.04,0.8206,0.1248,6.894,0.0158,0.0158,7.8572
027,27,2025-10-26 03:59:46,121291.65,2030,648.54,0.8396,0.1033,7.9522,0.0056,0.0056,8.9007
028,27,2025-10-26 03:59:46,120823.4,2057,468.25,0.7584,0.1523,7.5337,0.015,0.015,8.4615
029,27,2025-10-26 03:59:46,120186.8,2084,636.6,0.9247,0.1114,7.4007,0.0,0.0,8.4383
030,27,2025-10-26 03:59:46,119600.7,2101,586.1,0.8244,0.1071,8.8237,0.012,0.012,9.7673
031,27,2025-10-26 03:59:46,120148.58,2125,547.88,0.6896,0.1054,7.7026,0.0,0.0,8.4987
032,27,2025-10-26 03:59:46,119405.7,2149,742.88,0.9827,0.1264,7.3737,0.0058,0.0058,8.4886
033,27,2025-10-26 03:59:46,118979.51,2172,426.19,0.8096,0.1032,6.7293,0.002,0.002,7.6441
034,27,2025-10-26 03:59:46,118462.62,2194,516.89,0.884,0.1181,7.3223,0.0166,0.0166,8.342
035,27,2025-10-26 03:59:46,117947.54,2208,515.08,1.0143,0.1178,6.8796,0.0078,0.0078,8.0215
036,27,2025-10-26 03:59:46,117666.57,2233,280.97,0.891,0.1128,7.9097,0.0089,0.0089,8.9223
037,27,2025-10-26 03:59:46,117073.81,2256,592.76,0.9676,0.1103,8.8518,0.0198,0.0198,9.9525
038,27,2025-10-26 03:59:46,116674.0,2272,399.81,0.9347,0.0994,8.3881,0.0,0.0,9.4241
039,27,2025-10-26 03:59:46,116356.64,2298,317.36,0.9063,0.1008,8.0986,0.0059,0.0059,9.1263
040,27,2025-10-26 03:59:46,115904.58,2324,452.06,0.9203,0.1252,8.4184,0.0,0.0,9.4674
041,27,2025-10-26 03:59:46,116599.05,2335,694.47,0.834,0.1438,6.4494,0.0046,0.0046,7.4401
042,27,2025-10-26 03:59:46,116065.04,2358,534.01,0.8709,0.1092,6.7481,0.0078,0.0078,7.7375
043,27,2025-10-26 03:59:46,115640.73,2378,424.32,0.9763,0.1083,6.6275,0.0102,0.0102,7.7274
044,27,2025-10-26 03:59:46,115335.21,2412,305.51,0.9306,0.1037,7.3291,0.0129,0.0129,8.3783
045,27,2025-10-26 03:59:46,114996.65,2435,338.56,1.1586,0.1234,8.3088,0.0101,0.0101,9.6028
046,27,2025-10-26 03:59:46,114738.52,2461,258.13,0.9376,0.1017,8.0197,0.0058,0.0058,9.0685
047,27,2025-10-26 03:59:46,114462.4,2493,276.12,0.9477,0.1062,8.8113,0.0091,0.0091,9.8762
048,27,2025-10-26 03:59:46,114170.9,2527,291.5,0.9224,0.0957,7.9056,0.0058,0.0058,8.9352
049,27,2025-10-26 03:59:46,113823.84,2551,347.06,1.0969,0.1034,7.2219,0.016,0.016,8.4394
050,27,2025-10-26 03:59:46,113614.08,2574,209.75,0.9107,0.0875,7.8012,0.0057,0.0057,8.8061
051,27,2025-10-26 03:59:46,113763.91,2599,149.83,1.0057,0.0931,7.7033,0.0134,0.0134,8.8171
052,27,2025-10-26 03:59:46,113533.91,2621,230.0,0.996,0.1579,6.3133,0.0089,0.0089,7.4787
053,27,2025-10-26 03:59:46,113297.51,2652,236.4,0.9955,0.1038,7.9336,0.0,0.0,9.0356
054,27,2025-10-26 03:59:46,113051.88,2673,245.63,1.0488,0.1039,7.9488,0.0078,0.0078,9.1093
055,27,2025-10-26 03:59:46,112846.83,2705,205.05,1.0451,0.083,7.9012,0.0089,0.0089,9.0414
056,27,2025-10-26 03:59:46,112620.87,2730,225.96,1.1336,0.0871,7.4111,0.0057,0.0057,8.6393
057,27,2025-10-26 03:59:46,112391.71,2760,229.16,1.0454,0.0926,9.3628,0.0119,0.0119,10.5195
058,27,2025-10-26 03:59:46,112193.05,2783,198.65,1.1546,0.1207,7.5537,0.0,0.0,8.83
059,27,2025-10-26 03:59:46,112001.84,2806,191.22,1.0333,0.0898,8.1925,0.0057,0.0057,9.3365
060,27,2025-10-26 03:59:46,111872.74,2828,129.1,1.0493,0.09,7.9307,0.0038,0.0038,9.0765
061,27,2025-10-26 03:59:46,112301.41,2850,428.68,1.1557,0.0991,6.9942,0.0138,0.0138,8.2628
062,27,2025-10-26 03:59:46,111870.98,2876,430.43,1.1561,0.1337,7.4115,0.0133,0.0133,8.7198
063,27,2025-10-26 03:59:46,111624.63,2890,246.35,1.2052,0.109,7.3944,0.017,0.017,8.727
064,27,2025-10-26 03:59:46,111452.85,2919,171.77,1.1715,0.1186,7.2202,0.0059,0.0059,8.5192
065,27,2025-10-26 03:59:46,111178.09,2941,274.77,1.2611,0.1328,7.553,0.0,0.0,8.953
066,27,2025-10-26 03:59:46,111061.35,2974,116.73,1.2898,0.0864,7.7432,0.006,0.006,9.1254
067,27,2025-10-26 03:59:46,110938.13,3007,123.22,1.2332,0.1425,7.864,0.0069,0.0069,9.2499
068,27,2025-10-26 03:59:46,110823.04,3038,115.09,1.0598,0.0789,8.099,0.0057,0.0057,9.2474
069,27,2025-10-26 03:59:46,110689.19,3064,133.85,1.0785,0.0894,8.4947,0.0161,0.0161,9.6823
070,27,2025-10-26 03:59:46,110593.28,3083,95.91,1.1845,0.0769,7.9064,0.0057,0.0057,9.1734
071,27,2025-10-26 03:59:46,110850.94,3102,257.66,1.1683,0.0824,7.7189,0.0092,0.0092,8.9794
072,27,2025-10-26 03:59:46,110475.17,3113,375.77,1.2488,0.1224,6.5324,0.0018,0.0018,7.9164
073,27,2025-10-26 03:59:46,110267.7,3142,207.47,1.2634,0.0863,7.8781,0.002,0.002,9.2369
074,27,2025-10-26 03:59:46,110091.03,3166,176.67,1.3267,0.0959,7.7539,0.008,0.008,9.1866
075,27,2025-10-26 03:59:46,109947.71,3184,143.32,1.2423,0.1268,8.0967,0.0,0.0,9.4699
076,27,2025-10-26 03:59:46,109816.0,3209,131.71,1.1578,0.0835,7.1068,0.0,0.0,8.3482
077,27,2025-10-26 03:59:46,109618.45,3238,197.55,1.3217,0.115,8.6315,0.0059,0.0059,10.0741
078,27,2025-10-26 03:59:46,109406.81,3267,211.64,1.6595,0.1073,7.7533,0.0069,0.0069,9.5292
079,27,2025-10-26 03:59:46,109194.47,3289,212.34,1.4286,0.1063,9.3255,0.0118,0.0118,10.8722
080,27,2025-10-26 03:59:46,109000.25,3314,194.22,1.2017,0.0848,8.0785,0.01,0.01,9.375
081,27,2025-10-26 03:59:46,109448.03,3344,447.78,1.3016,0.076,7.4822,0.006,0.006,8.8835
082,27,2025-10-26 03:59:46,108997.01,3365,451.02,1.4324,0.1011,7.3176,0.0,0.0,8.8511
083,27,2025-10-26 03:59:46,108624.18,3384,372.84,1.5692,0.1729,6.7393,0.0107,0.0107,8.5046
084,27,2025-10-26 03:59:46,108322.21,3404,301.97,1.303,0.1021,7.4849,0.0058,0.0058,8.8982
085,27,2025-10-26 03:59:46,108142.39,3427,179.82,1.4607,0.0957,7.442,0.0095,0.0095,9.0125
086,27,2025-10-26 03:59:46,108013.05,3457,129.34,1.2941,0.1289,7.3072,0.0044,0.0044,8.7369
087,27,2025-10-26 03:59:46,107886.91,3482,126.14,1.4562,0.08,7.627,0.0,0.0,9.1848
088,27,2025-10-26 03:59:46,107787.37,3508,99.54,1.4914,0.0936,8.5055,0.013,0.013,10.1152
089,27,2025-10-26 03:59:46,107669.18,3531,118.19,1.4548,0.0959,7.0187,0.0096,0.0096,8.581
090,27,2025-10-26 03:59:46,107516.27,3548,152.91,1.5344,0.1862,7.9977,0.0037,0.0037,9.7293
091,27,2025-10-26 03:59:46,107714.29,3568,198.02,1.6726,0.178,6.9314,0.0127,0.0127,8.7977
092,27,2025-10-26 03:59:46,107470.84,3598,243.45,1.6361,0.0872,7.3449,0.0108,0.0108,9.0801
093,27,2025-10-26 03:59:46,107296.59,3623,174.25,1.5566,0.0953,6.7818,0.0094,0.0094,8.4463
094,27,2025-10-26 03:59:46,107054.21,3649,242.39,1.4715,0.079,7.2309,0.0084,0.0084,8.8002
095,27,2025-10-26 03:59:46,106920.38,3664,133.82,1.532,0.083,7.0886,0.0078,0.0078,8.7113
096,27,2025-10-26 03:59:46,106789.46,3687,130.92,1.587,0.1627,7.2673,0.0042,0.0042,9.0272
097,27,2025-10-26 03:59:46,106656.42,3716,133.04,1.5054,0.0823,7.2934,0.0075,0.0075,8.8892
098,27,2025-10-26 03:59:46,106528.96,3735,127.46,1.6988,0.0861,7.5943,0.0108,0.0108,9.3972
099,27,2025-10-26 03:59:46,106474.24,3764,54.71,1.6564,0.1884,8.0116,0.0,0.0,9.8604
100,27,2025-10-26 03:59:46,106420.33,3787,53.92,1.6238,0.1122,6.9889,0.0,0.0,8.727
