trip_id,line,start_cp,start_cp_id,dest_cp,dest_cp_id,departure_time,departure_time_str,datetime_obj,datetime_float,pdf,speed,departure_interval,planned_travel_time,hour
l59_cp1_1,59,cp1,cp1_l59,cp2,cp2_l59,2025-09-05 06:00:00,06:00,2025-09-05 06:00:00,6.0,0.07044429240553839,16.809570010126183,0.0,41.0,6
l59_cp1_3,59,cp1,cp1_l59,cp2,cp2_l59,2025-09-05 06:16:00,06:16,2025-09-05 06:16:00,6.275905746078633,0.07477726844849691,15.986338052508447,16.0,43.0,6
l59_cp1_5,59,cp1,cp1_l59,cp2,cp2_l59,2025-09-05 06:31:00,06:31,2025-09-05 06:31:00,6.528230853983279,0.0776779900500701,15.43522336853787,15.0,44.0,6
l59_cp1_7,59,cp1,cp1_l59,cp2,cp2_l59,2025-09-05 06:40:00,06:40,2025-09-05 06:40:00,6.6778355967364975,0.07886277498348052,15.21012338865857,9.0,45.0,6
l59_cp1_9,59,cp1,cp1_l59,cp2,cp2_l59,2025-09-05 06:53:00,06:53,2025-09-05 06:53:00,6.889799944056843,0.07981760842964626,15.028712414009098,13.0,46.0,6
l59_cp1_11,59,cp1,cp1_l59,cp2,cp2_l59,2025-09-05 07:02:00,07:02,2025-09-05 07:02:00,7.040337512336137,0.07996873254586369,15.0,9.0,46.0,7
l59_cp1_13,59,cp1,cp1_l59,cp2,cp2_l59,2025-09-05 07:23:00,07:23,2025-09-05 07:23:00,7.3993615985879835,0.07858383701284051,15.26311944710599,21.0,45.0,7
l59_cp1_15,59,cp1,cp1_l59,cp2,cp2_l59,2025-09-05 07:33:00,07:33,2025-09-05 07:33:00,7.561171653654487,0.07719846605443371,15.526329221360191,10.0,44.0,7
l59_cp1_17,59,cp1,cp1_l59,cp2,cp2_l59,2025-09-05 07:39:00,07:39,2025-09-05 07:39:00,7.6664022637488625,0.07606590706057198,15.741506676391253,6.0,43.0,7
l59_cp1_19,59,cp1,cp1_l59,cp2,cp2_l59,2025-09-05 08:06:00,08:06,2025-09-05 08:06:00,8.112683979480787,0.06956532235497301,16.9765675259768,27.0,40.0,8
l59_cp1_21,59,cp1,cp1_l59,cp2,cp2_l59,2025-09-05 08:20:00,08:20,2025-09-05 08:20:00,8.34613330785744,0.06536018499590318,17.775511121749567,14.0,38.0,8
l59_cp1_23,59,cp1,cp1_l59,cp2,cp2_l59,2025-09-05 08:36:00,08:36,2025-09-05 08:36:00,8.603289720356821,0.06040243989155893,18.717444372050288,16.0,37.0,8
l59_cp1_25,59,cp1,cp1_l59,cp2,cp2_l59,2025-09-05 09:07:00,09:07,2025-09-05 09:07:00,9.121117767375559,0.05051650869592712,20.59569488863921,31.0,33.0,9
l59_cp1_27,59,cp1,cp1_l59,cp2,cp2_l59,2025-09-05 09:18:00,09:18,2025-09-05 09:18:00,9.312520784261947,0.04723798855631832,21.21858837474685,11.0,32.0,9
l59_cp1_29,59,cp1,cp1_l59,cp2,cp2_l59,2025-09-05 09:58:00,09:58,2025-09-05 09:58:00,9.980287614800808,0.03889751161582674,22.803214528021943,40.0,30.0,9
l59_cp1_31,59,cp1,cp1_l59,cp2,cp2_l59,2025-09-05 10:34:00,10:34,2025-09-05 10:34:00,10.58245344623151,0.036185940690706235,23.318392045454537,36.0,29.0,10
l59_cp1_33,59,cp1,cp1_l59,cp2,cp2_l59,2025-09-05 10:41:00,10:41,2025-09-05 10:41:00,10.696870195029017,0.03612560883427843,23.329854631857366,7.0,29.0,10
l59_cp1_35,59,cp1,cp1_l59,cp2,cp2_l59,2025-09-05 11:26:00,11:26,2025-09-05 11:26:00,11.447448818026638,0.037704755376065865,23.029828994495816,45.0,30.0,11
l59_cp1_37,59,cp1,cp1_l59,cp2,cp2_l59,2025-09-05 11:51:00,11:51,2025-09-05 11:51:00,11.858729076531418,0.03883140154523594,22.815774930454623,25.0,30.0,11
l59_cp1_39,59,cp1,cp1_l59,cp2,cp2_l59,2025-09-05 12:17:00,12:17,2025-09-05 12:17:00,12.288716919255139,0.03938434168705846,22.710720577306805,26.0,30.0,12
l59_cp1_41,59,cp1,cp1_l59,cp2,cp2_l59,2025-09-05 12:53:00,12:53,2025-09-05 12:53:00,12.891268925204136,0.03893158410082779,22.796741019225628,36.0,30.0,12
l59_cp1_43,59,cp1,cp1_l59,cp2,cp2_l59,2025-09-05 13:07:00,13:07,2025-09-05 13:07:00,13.122340892676348,0.038569705040894624,22.86549524356845,14.0,30.0,13
l59_cp1_45,59,cp1,cp1_l59,cp2,cp2_l59,2025-09-05 13:45:00,13:45,2025-09-05 13:45:00,13.764288079184885,0.03811938017261928,22.95105348787878,38.0,30.0,13
l59_cp1_47,59,cp1,cp1_l59,cp2,cp2_l59,2025-09-05 14:06:00,14:06,2025-09-05 14:06:00,14.105726562245463,0.038705745958125204,22.839648520785424,21.0,30.0,14
l59_cp1_49,59,cp1,cp1_l59,cp2,cp2_l59,2025-09-05 14:26:00,14:26,2025-09-05 14:26:00,14.442965007034166,0.040061011791111906,22.582158487671762,20.0,30.0,14
l59_cp1_51,59,cp1,cp1_l59,cp2,cp2_l59,2025-09-05 14:50:00,14:50,2025-09-05 14:50:00,14.834178617818411,0.04260143739783759,22.099497257913605,24.0,31.0,14
l59_cp1_53,59,cp1,cp1_l59,cp2,cp2_l59,2025-09-05 15:22:00,15:22,2025-09-05 15:22:00,15.379819621569618,0.04751924705549264,21.165151433813797,32.0,32.0,15
l59_cp1_55,59,cp1,cp1_l59,cp2,cp2_l59,2025-09-05 15:28:00,15:28,2025-09-05 15:28:00,15.477090321578636,0.04850725120941881,20.97743828107369,6.0,33.0,15
l59_cp1_57,59,cp1,cp1_l59,cp2,cp2_l59,2025-09-05 15:35:00,15:35,2025-09-05 15:35:00,15.598384957038508,0.04976569356096221,20.73834396106384,7.0,33.0,15
l59_cp1_59,59,cp1,cp1_l59,cp2,cp2_l59,2025-09-05 15:57:00,15:57,2025-09-05 15:57:00,15.961366846733135,0.05359879126790477,20.01008502361728,22.0,34.0,15
l59_cp1_61,59,cp1,cp1_l59,cp2,cp2_l59,2025-09-05 16:11:00,16:11,2025-09-05 16:11:00,16.19924572927188,0.056059526542785745,19.542564340965146,14.0,35.0,16
l59_cp1_63,59,cp1,cp1_l59,cp2,cp2_l59,2025-09-05 16:25:00,16:25,2025-09-05 16:25:00,16.417552893060932,0.058204036445094566,19.135124034924846,14.0,36.0,16
l59_cp1_65,59,cp1,cp1_l59,cp2,cp2_l59,2025-09-05 16:32:00,16:32,2025-09-05 16:32:00,16.54319997499213,0.05936722592426733,18.914127024434585,7.0,36.0,16
l59_cp1_67,59,cp1,cp1_l59,cp2,cp2_l59,2025-09-05 16:51:00,16:51,2025-09-05 16:51:00,16.851656479890096,0.061936099937513346,18.42606081732168,19.0,37.0,16
l59_cp1_69,59,cp1,cp1_l59,cp2,cp2_l59,2025-09-05 17:25:00,17:25,2025-09-05 17:25:00,17.422433880317712,0.06530825567304237,17.78537729171973,34.0,38.0,17
l59_cp1_71,59,cp1,cp1_l59,cp2,cp2_l59,2025-09-05 17:29:00,17:29,2025-09-05 17:29:00,17.497358097242195,0.06559594553199191,17.73071844213881,4.0,39.0,17
l59_cp1_73,59,cp1,cp1_l59,cp2,cp2_l59,2025-09-05 17:48:00,17:48,2025-09-05 17:48:00,17.80060357805779,0.06635876380074841,17.585788867068686,19.0,39.0,17
l59_cp1_75,59,cp1,cp1_l59,cp2,cp2_l59,2025-09-05 18:02:00,18:02,2025-09-05 18:02:00,18.03581327582412,0.06649376903266242,17.560138916490764,14.0,39.0,18
l59_cp1_77,59,cp1,cp1_l59,cp2,cp2_l59,2025-09-05 18:14:00,18:14,2025-09-05 18:14:00,18.2421989341146,0.06627867422482503,17.601005267463826,12.0,39.0,18
l59_cp1_79,59,cp1,cp1_l59,cp2,cp2_l59,2025-09-05 18:26:00,18:26,2025-09-05 18:26:00,18.439071999719058,0.06578470943504956,17.69485475955643,12.0,39.0,18
l59_cp1_81,59,cp1,cp1_l59,cp2,cp2_l59,2025-09-05 18:53:00,18:53,2025-09-05 18:53:00,18.89567952202644,0.0635927255880962,18.111314748142423,27.0,38.0,18
l59_cp1_83,59,cp1,cp1_l59,cp2,cp2_l59,2025-09-05 19:01:00,19:01,2025-09-05 19:01:00,19.02203804709323,0.06274215008866461,18.272917518745476,8.0,37.0,19
l59_cp1_85,59,cp1,cp1_l59,cp2,cp2_l59,2025-09-05 19:06:00,19:06,2025-09-05 19:06:00,19.105169625663553,0.062128665635592446,18.389474823070152,5.0,37.0,19
l59_cp1_87,59,cp1,cp1_l59,cp2,cp2_l59,2025-09-05 19:12:00,19:12,2025-09-05 19:12:00,19.209543618539296,0.061300250107135024,18.546867370467503,6.0,37.0,19
l59_cp1_89,59,cp1,cp1_l59,cp2,cp2_l59,2025-09-05 19:55:00,19:55,2025-09-05 19:55:00,19.926687788164763,0.054099691809724904,19.914917792244168,43.0,34.0,19
l59_cp1_91,59,cp1,cp1_l59,cp2,cp2_l59,2025-09-05 20:04:00,20:04,2025-09-05 20:04:00,20.070866269819902,0.052394847483352026,20.23882503713056,9.0,34.0,20
l59_cp1_93,59,cp1,cp1_l59,cp2,cp2_l59,2025-09-05 20:22:00,20:22,2025-09-05 20:22:00,20.38038701596242,0.04853407491407139,20.972341984516135,18.0,33.0,20
l59_cp1_95,59,cp1,cp1_l59,cp2,cp2_l59,2025-09-05 20:57:00,20:57,2025-09-05 20:57:00,20.96206432364941,0.040838389687311336,22.434462695922118,35.0,30.0,20
l59_cp1_97,59,cp1,cp1_l59,cp2,cp2_l59,2025-09-05 21:22:00,21:22,2025-09-05 21:22:00,21.369059722701547,0.03539145556213494,23.469338079129205,25.0,29.0,21
l59_cp1_99,59,cp1,cp1_l59,cp2,cp2_l59,2025-09-05 21:35:00,21:35,2025-09-05 21:35:00,21.58772863538339,0.032523322832840235,24.014261129253576,13.0,28.0,21
l59_cp2_2,59,cp2,cp2_l59,cp1,cp1_l59,2025-09-05 06:06:00,06:06,2025-09-05 06:06:00,6.101327495480952,0.0721640970384157,16.48282042263552,0.0,41.0,6
l59_cp2_4,59,cp2,cp2_l59,cp1,cp1_l59,2025-09-05 06:28:00,06:28,2025-09-05 06:28:00,6.468320174166115,0.07708909536848836,15.547108806339228,22.0,44.0,6
l59_cp2_6,59,cp2,cp2_l59,cp1,cp1_l59,2025-09-05 06:35:00,06:35,2025-09-05 06:35:00,6.583918874801371,0.0781672705421754,15.342263856796608,7.0,45.0,6
l59_cp2_8,59,cp2,cp2_l59,cp1,cp1_l59,2025-09-05 06:44:00,06:44,2025-09-05 06:44:00,6.746509869070535,0.07926636660553886,15.133444099917718,9.0,45.0,6
l59_cp2_10,59,cp2,cp2_l59,cp1,cp1_l59,2025-09-05 06:58:00,06:58,2025-09-05 06:58:00,6.974903748709975,0.07995702700740079,15.002223961833216,14.0,46.0,6
l59_cp2_12,59,cp2,cp2_l59,cp1,cp1_l59,2025-09-05 07:11:00,07:11,2025-09-05 07:11:00,7.190173001775089,0.07968499485302119,15.053907968567762,13.0,45.0,7
l59_cp2_14,59,cp2,cp2_l59,cp1,cp1_l59,2025-09-05 07:25:00,07:25,2025-09-05 07:25:00,7.431206614996411,0.07834676875083273,15.30816058453366,14.0,45.0,7
l59_cp2_16,59,cp2,cp2_l59,cp1,cp1_l59,2025-09-05 07:36:00,07:36,2025-09-05 07:36:00,7.610155279442584,0.07669304289889486,15.62235571438356,11.0,44.0,7
l59_cp2_18,59,cp2,cp2_l59,cp1,cp1_l59,2025-09-05 07:57:00,07:57,2025-09-05 07:57:00,7.959519364863855,0.07206714656203131,16.501240263796557,21.0,41.0,7
l59_cp2_20,59,cp2,cp2_l59,cp1,cp1_l59,2025-09-05 08:17:00,08:17,2025-09-05 08:17:00,8.298947133416789,0.06624031678428335,17.608292884693476,20.0,39.0,8
l59_cp2_22,59,cp2,cp2_l59,cp1,cp1_l59,2025-09-05 08:27:00,08:27,2025-09-05 08:27:00,8.4526331319085,0.06333301976078688,18.16065684800656,10.0,38.0,8
l59_cp2_24,59,cp2,cp2_l59,cp1,cp1_l59,2025-09-05 08:49:00,08:49,2025-09-05 08:49:00,8.824719110581167,0.056073043296362625,19.539996262259564,22.0,35.0,8
l59_cp2_26,59,cp2,cp2_l59,cp1,cp1_l59,2025-09-05 09:10:00,09:10,2025-09-05 09:10:00,9.168687525379804,0.04967367217665861,20.75582731282759,21.0,33.0,9
l59_cp2_28,59,cp2,cp2_l59,cp1,cp1_l59,2025-09-05 09:27:00,09:27,2025-09-05 09:27:00,9.455208757068895,0.04501564523505345,21.640816428796835,17.0,32.0,9
l59_cp2_30,59,cp2,cp2_l59,cp1,cp1_l59,2025-09-05 10:01:00,10:01,2025-09-05 10:01:00,10.021277227708863,0.03856918516402395,22.865594016155633,34.0,30.0,10
l59_cp2_32,59,cp2,cp2_l59,cp1,cp1_l59,2025-09-05 10:38:00,10:38,2025-09-05 10:38:00,10.641324635519462,0.036139802091540024,23.327158022680532,37.0,29.0,10
l59_cp2_34,59,cp2,cp2_l59,cp1,cp1_l59,2025-09-05 11:24:00,11:24,2025-09-05 11:24:00,11.404976444574878,0.037574014727784086,23.054668707145538,46.0,30.0,11
l59_cp2_36,59,cp2,cp2_l59,cp1,cp1_l59,2025-09-05 11:39:00,11:39,2025-09-05 11:39:00,11.651008135734273,0.03830938400002457,22.914954229254008,15.0,30.0,11
l59_cp2_38,59,cp2,cp2_l59,cp1,cp1_l59,2025-09-05 11:55:00,11:55,2025-09-05 11:55:00,11.931248372567035,0.038979339252767475,22.787667909467373,16.0,30.0,11
l59_cp2_40,59,cp2,cp2_l59,cp1,cp1_l59,2025-09-05 12:37:00,12:37,2025-09-05 12:37:00,12.626317217870614,0.03926885582403662,22.7326619986648,42.0,30.0,12
l59_cp2_42,59,cp2,cp2_l59,cp1,cp1_l59,2025-09-05 12:59:00,12:59,2025-09-05 12:59:00,12.999901735815733,0.0387625821491821,22.82885008378429,22.0,30.0,12
l59_cp2_44,59,cp2,cp2_l59,cp1,cp1_l59,2025-09-05 13:36:00,13:36,2025-09-05 13:36:00,13.600393665648928,0.03808237577969809,22.95808403651855,37.0,30.0,13
l59_cp2_46,59,cp2,cp2_l59,cp1,cp1_l59,2025-09-05 13:47:00,13:47,2025-09-05 13:47:00,13.785841476450702,0.03813502498633263,22.948081094195523,11.0,30.0,13
l59_cp2_48,59,cp2,cp2_l59,cp1,cp1_l59,2025-09-05 14:13:00,14:13,2025-09-05 14:13:00,14.225281410761935,0.03909489490051423,22.765713229551032,26.0,30.0,14
l59_cp2_50,59,cp2,cp2_l59,cp1,cp1_l59,2025-09-05 14:41:00,14:41,2025-09-05 14:41:00,14.684969717670105,0.04151719957867185,22.30549406323763,28.0,31.0,14
l59_cp2_52,59,cp2,cp2_l59,cp1,cp1_l59,2025-09-05 14:52:00,14:52,2025-09-05 14:52:00,14.871297428224205,0.04289145996057424,22.044395212643124,11.0,31.0,14
l59_cp2_54,59,cp2,cp2_l59,cp1,cp1_l59,2025-09-05 15:25:00,15:25,2025-09-05 15:25:00,15.428165204027746,0.0480075218945928,21.07238298837059,33.0,32.0,15
l59_cp2_56,59,cp2,cp2_l59,cp1,cp1_l59,2025-09-05 15:31:00,15:31,2025-09-05 15:31:00,15.525554604493367,0.0490071006634288,20.882470748260413,6.0,33.0,15
l59_cp2_58,59,cp2,cp2_l59,cp1,cp1_l59,2025-09-05 15:51:00,15:51,2025-09-05 15:51:00,15.866590002919965,0.052598580496483055,20.20011733933385,20.0,34.0,15
l59_cp2_60,59,cp2,cp2_l59,cp1,cp1_l59,2025-09-05 16:00:00,16:00,2025-09-05 16:00:00,16.007700115743393,0.05408487493104881,19.917732884669643,9.0,34.0,16
l59_cp2_62,59,cp2,cp2_l59,cp1,cp1_l59,2025-09-05 16:22:00,16:22,2025-09-05 16:22:00,16.38011720501951,0.05784652763708816,19.20304794518024,22.0,36.0,16
l59_cp2_64,59,cp2,cp2_l59,cp1,cp1_l59,2025-09-05 16:28:00,16:28,2025-09-05 16:28:00,16.475039791334513,0.058743542835915145,19.032621990634922,6.0,36.0,16
l59_cp2_66,59,cp2,cp2_l59,cp1,cp1_l59,2025-09-05 16:42:00,16:42,2025-09-05 16:42:00,16.702097849014404,0.06074616124487863,18.652139971619036,14.0,37.0,16
l59_cp2_68,59,cp2,cp2_l59,cp1,cp1_l59,2025-09-05 17:07:00,17:07,2025-09-05 17:07:00,17.12135824063654,0.06377740645331959,18.076226811189837,25.0,38.0,17
l59_cp2_70,59,cp2,cp2_l59,cp1,cp1_l59,2025-09-05 17:27:00,17:27,2025-09-05 17:27:00,17.458204058728086,0.06545039344105952,17.758372214411185,20.0,39.0,17
l59_cp2_72,59,cp2,cp2_l59,cp1,cp1_l59,2025-09-05 17:34:00,17:34,2025-09-05 17:34:00,17.570784787088073,0.06584030685178333,17.68429168010193,7.0,39.0,17
l59_cp2_74,59,cp2,cp2_l59,cp1,cp1_l59,2025-09-05 17:50:00,17:50,2025-09-05 17:50:00,17.84307455577673,0.0664129947739701,17.57548540131993,16.0,39.0,17
l59_cp2_76,59,cp2,cp2_l59,cp1,cp1_l59,2025-09-05 18:12:00,18:12,2025-09-05 18:12:00,18.20715456232212,0.0663371506022524,17.589895207729672,22.0,39.0,18
l59_cp2_78,59,cp2,cp2_l59,cp1,cp1_l59,2025-09-05 18:18:00,18:18,2025-09-05 18:18:00,18.316154248542258,0.0661259484945079,17.630021975772628,6.0,39.0,18
l59_cp2_80,59,cp2,cp2_l59,cp1,cp1_l59,2025-09-05 18:36:00,18:36,2025-09-05 18:36:00,18.613000763657364,0.06511831245090031,17.82146503581292,18.0,38.0,18
l59_cp2_82,59,cp2,cp2_l59,cp1,cp1_l59,2025-09-05 18:58:00,18:58,2025-09-05 18:58:00,18.968705019941822,0.06311340705304627,18.202381565041364,22.0,38.0,18
l59_cp2_84,59,cp2,cp2_l59,cp1,cp1_l59,2025-09-05 19:04:00,19:04,2025-09-05 19:04:00,19.067993949036943,0.06240818530109774,18.336368247094377,6.0,37.0,19
l59_cp2_86,59,cp2,cp2_l59,cp1,cp1_l59,2025-09-05 19:08:00,19:08,2025-09-05 19:08:00,19.134443002146487,0.061902756943505916,18.432395728467604,4.0,37.0,19
l59_cp2_88,59,cp2,cp2_l59,cp1,cp1_l59,2025-09-05 19:37:00,19:37,2025-09-05 19:37:00,19.621396778456067,0.05745527955784426,19.27738205619236,29.0,35.0,19
l59_cp2_90,59,cp2,cp2_l59,cp1,cp1_l59,2025-09-05 20:00:00,20:00,2025-09-05 20:00:00,20.001162246179877,0.05322759871540982,20.080608739560763,23.0,34.0,20
l59_cp2_92,59,cp2,cp2_l59,cp1,cp1_l59,2025-09-05 20:12:00,20:12,2025-09-05 20:12:00,20.201073397727413,0.05080049543015485,20.54173960413315,12.0,33.0,20
l59_cp2_94,59,cp2,cp2_l59,cp1,cp1_l59,2025-09-05 20:41:00,20:41,2025-09-05 20:41:00,20.69298927429669,0.044440792350670937,21.750034033662544,29.0,31.0,20
l59_cp2_96,59,cp2,cp2_l59,cp1,cp1_l59,2025-09-05 21:12:00,21:12,2025-09-05 21:12:00,21.20349508876291,0.037597028406868266,23.050296285997437,31.0,30.0,21
l59_cp2_98,59,cp2,cp2_l59,cp1,cp1_l59,2025-09-05 21:31:00,21:31,2025-09-05 21:31:00,21.530972219823138,0.0332616032773078,23.873993551140003,19.0,29.0,21
l59_cp2_100,59,cp2,cp2_l59,cp1,cp1_l59,2025-09-05 22:00:00,22:00,2025-09-05 22:00:00,22.0,0.027335012451988223,25.0,29.0,27.0,22
