trip_id,line,start_cp,start_cp_id,dest_cp,dest_cp_id,departure_time,departure_time_str,datetime_obj,datetime_float,pdf,speed,departure_interval,planned_travel_time,hour
l59_cp1_1,59,cp1,cp1_l59,cp2,cp2_l59,2025-09-07 05:50:00,05:50,2025-09-07 05:50:00,5.833333333333333,0,25.678296355765234,0.0,27.0,5
l59_cp1_3,59,cp1,cp1_l59,cp2,cp2_l59,2025-09-07 06:04:00,06:04,2025-09-07 06:04:00,6.066666666666666,0,22.906177835866,14.0,30.0,6
l59_cp1_5,59,cp1,cp1_l59,cp2,cp2_l59,2025-09-07 06:19:00,06:19,2025-09-07 06:19:00,6.316666666666666,0,21.86480590936774,15.0,31.0,6
l59_cp1_7,59,cp1,cp1_l59,cp2,cp2_l59,2025-09-07 06:33:00,06:33,2025-09-07 06:33:00,6.55,0,19.90629583645851,14.0,34.0,6
l59_cp1_9,59,cp1,cp1_l59,cp2,cp2_l59,2025-09-07 06:49:00,06:49,2025-09-07 06:49:00,6.816666666666666,0,18.53147378984389,16.0,37.0,6
l59_cp1_11,59,cp1,cp1_l59,cp2,cp2_l59,2025-09-07 07:04:00,07:04,2025-09-07 07:04:00,7.066666666666666,0,16.72353625430718,15.0,41.0,7
l59_cp1_13,59,cp1,cp1_l59,cp2,cp2_l59,2025-09-07 07:12:00,07:12,2025-09-07 07:12:00,7.2,0,17.965639367039135,8.0,38.0,7
l59_cp1_15,59,cp1,cp1_l59,cp2,cp2_l59,2025-09-07 07:19:00,07:19,2025-09-07 07:19:00,7.316666666666666,0,18.281074722960376,7.0,37.0,7
l59_cp1_17,59,cp1,cp1_l59,cp2,cp2_l59,2025-09-07 07:23:00,07:23,2025-09-07 07:23:00,7.383333333333334,0,19.786239082917355,4.0,35.0,7
l59_cp1_19,59,cp1,cp1_l59,cp2,cp2_l59,2025-09-07 07:30:00,07:30,2025-09-07 07:30:00,7.5,0,20.27009053397805,7.0,34.0,7
l59_cp1_21,59,cp1,cp1_l59,cp2,cp2_l59,2025-09-07 07:40:00,07:40,2025-09-07 07:40:00,7.666666666666667,0,19.084723017229035,10.0,36.0,7
l59_cp1_23,59,cp1,cp1_l59,cp2,cp2_l59,2025-09-07 07:50:00,07:50,2025-09-07 07:50:00,7.833333333333333,0,17.353673143873653,10.0,39.0,7
l59_cp1_25,59,cp1,cp1_l59,cp2,cp2_l59,2025-09-07 07:57:00,07:57,2025-09-07 07:57:00,7.95,0,18.911933892265132,7.0,36.0,7
l59_cp1_27,59,cp1,cp1_l59,cp2,cp2_l59,2025-09-07 08:03:00,08:03,2025-09-07 08:03:00,8.05,0,18.478590597294282,6.0,37.0,8
l59_cp1_29,59,cp1,cp1_l59,cp2,cp2_l59,2025-09-07 08:12:00,08:12,2025-09-07 08:12:00,8.2,0,16.443225336706092,9.0,42.0,8
l59_cp1_31,59,cp1,cp1_l59,cp2,cp2_l59,2025-09-07 08:21:00,08:21,2025-09-07 08:21:00,8.35,0,20.617329712003524,9.0,33.0,8
l59_cp1_33,59,cp1,cp1_l59,cp2,cp2_l59,2025-09-07 08:28:00,08:28,2025-09-07 08:28:00,8.466666666666667,0,16.082474157087354,7.0,43.0,8
l59_cp1_35,59,cp1,cp1_l59,cp2,cp2_l59,2025-09-07 08:36:00,08:36,2025-09-07 08:36:00,8.6,0,16.724093707826214,8.0,41.0,8
l59_cp1_37,59,cp1,cp1_l59,cp2,cp2_l59,2025-09-07 08:41:00,08:41,2025-09-07 08:41:00,8.683333333333334,0,19.6486213811205,5.0,35.0,8
l59_cp1_39,59,cp1,cp1_l59,cp2,cp2_l59,2025-09-07 08:50:00,08:50,2025-09-07 08:50:00,8.833333333333334,0,15.0,9.0,46.0,8
l59_cp1_41,59,cp1,cp1_l59,cp2,cp2_l59,2025-09-07 08:58:00,08:58,2025-09-07 08:58:00,8.966666666666667,0,19.48951126930795,8.0,35.0,8
l59_cp1_43,59,cp1,cp1_l59,cp2,cp2_l59,2025-09-07 09:04:00,09:04,2025-09-07 09:04:00,9.066666666666666,0,23.24988319721998,6.0,29.0,9
l59_cp1_45,59,cp1,cp1_l59,cp2,cp2_l59,2025-09-07 09:10:00,09:10,2025-09-07 09:10:00,9.166666666666666,0,19.45313705363831,6.0,35.0,9
l59_cp1_47,59,cp1,cp1_l59,cp2,cp2_l59,2025-09-07 09:18:00,09:18,2025-09-07 09:18:00,9.3,0,18.215823424380524,8.0,38.0,9
l59_cp1_49,59,cp1,cp1_l59,cp2,cp2_l59,2025-09-07 09:27:00,09:27,2025-09-07 09:27:00,9.45,0,21.722287512434026,9.0,31.0,9
l59_cp1_51,59,cp1,cp1_l59,cp2,cp2_l59,2025-09-07 09:34:00,09:34,2025-09-07 09:34:00,9.566666666666666,0,19.517371785136508,7.0,35.0,9
l59_cp1_53,59,cp1,cp1_l59,cp2,cp2_l59,2025-09-07 09:41:00,09:41,2025-09-07 09:41:00,9.683333333333334,0,19.29474063072804,7.0,35.0,9
l59_cp1_55,59,cp1,cp1_l59,cp2,cp2_l59,2025-09-07 09:54:00,09:54,2025-09-07 09:54:00,9.9,0,21.334080218314476,13.0,32.0,9
l59_cp1_57,59,cp1,cp1_l59,cp2,cp2_l59,2025-09-07 10:04:00,10:04,2025-09-07 10:04:00,10.066666666666666,0,25.228557947838706,10.0,27.0,10
l59_cp1_59,59,cp1,cp1_l59,cp2,cp2_l59,2025-09-07 10:17:00,10:17,2025-09-07 10:17:00,10.283333333333333,0,20.14557803135731,13.0,34.0,10
l59_cp1_61,59,cp1,cp1_l59,cp2,cp2_l59,2025-09-07 10:28:00,10:28,2025-09-07 10:28:00,10.466666666666667,0,20.301834334870716,11.0,34.0,10
l59_cp1_63,59,cp1,cp1_l59,cp2,cp2_l59,2025-09-07 10:39:00,10:39,2025-09-07 10:39:00,10.65,0,18.64529096318944,11.0,37.0,10
l59_cp1_65,59,cp1,cp1_l59,cp2,cp2_l59,2025-09-07 10:49:00,10:49,2025-09-07 10:49:00,10.816666666666666,0,22.450749954257773,10.0,30.0,10
l59_cp1_67,59,cp1,cp1_l59,cp2,cp2_l59,2025-09-07 10:56:00,10:56,2025-09-07 10:56:00,10.933333333333334,0,19.321711065688472,7.0,35.0,10
l59_cp1_69,59,cp1,cp1_l59,cp2,cp2_l59,2025-09-07 11:06:00,11:06,2025-09-07 11:06:00,11.1,0,19.262198415618663,10.0,36.0,11
l59_cp1_71,59,cp1,cp1_l59,cp2,cp2_l59,2025-09-07 11:17:00,11:17,2025-09-07 11:17:00,11.283333333333333,0,16.43165116659859,11.0,42.0,11
l59_cp1_73,59,cp1,cp1_l59,cp2,cp2_l59,2025-09-07 11:26:00,11:26,2025-09-07 11:26:00,11.433333333333334,0,19.157458958239463,9.0,36.0,11
l59_cp1_75,59,cp1,cp1_l59,cp2,cp2_l59,2025-09-07 11:37:00,11:37,2025-09-07 11:37:00,11.616666666666667,0,20.06544949882557,11.0,34.0,11
l59_cp1_77,59,cp1,cp1_l59,cp2,cp2_l59,2025-09-07 11:51:00,11:51,2025-09-07 11:51:00,11.85,0,22.02514196820563,14.0,31.0,11
l59_cp1_79,59,cp1,cp1_l59,cp2,cp2_l59,2025-09-07 12:04:00,12:04,2025-09-07 12:04:00,12.066666666666666,0,18.418787581536076,13.0,37.0,12
l59_cp1_81,59,cp1,cp1_l59,cp2,cp2_l59,2025-09-07 12:16:00,12:16,2025-09-07 12:16:00,12.266666666666667,0,21.860923683423685,12.0,31.0,12
l59_cp1_83,59,cp1,cp1_l59,cp2,cp2_l59,2025-09-07 12:28:00,12:28,2025-09-07 12:28:00,12.466666666666667,0,18.363208532663947,12.0,37.0,12
l59_cp1_85,59,cp1,cp1_l59,cp2,cp2_l59,2025-09-07 12:36:00,12:36,2025-09-07 12:36:00,12.6,0,21.300673445659356,8.0,32.0,12
l59_cp1_87,59,cp1,cp1_l59,cp2,cp2_l59,2025-09-07 12:43:00,12:43,2025-09-07 12:43:00,12.716666666666667,0,21.68000252456127,7.0,32.0,12
l59_cp1_89,59,cp1,cp1_l59,cp2,cp2_l59,2025-09-07 12:53:00,12:53,2025-09-07 12:53:00,12.883333333333333,0,20.88617771579959,10.0,33.0,12
l59_cp1_91,59,cp1,cp1_l59,cp2,cp2_l59,2025-09-07 13:07:00,13:07,2025-09-07 13:07:00,13.116666666666667,0,18.022377754907335,14.0,38.0,13
l59_cp1_93,59,cp1,cp1_l59,cp2,cp2_l59,2025-09-07 13:20:00,13:20,2025-09-07 13:20:00,13.333333333333334,0,15.714184808224676,13.0,44.0,13
l59_cp1_95,59,cp1,cp1_l59,cp2,cp2_l59,2025-09-07 13:31:00,13:31,2025-09-07 13:31:00,13.516666666666667,0,21.35399563078866,11.0,32.0,13
l59_cp1_97,59,cp1,cp1_l59,cp2,cp2_l59,2025-09-07 13:42:00,13:42,2025-09-07 13:42:00,13.7,0,17.427000502746594,11.0,39.0,13
l59_cp1_99,59,cp1,cp1_l59,cp2,cp2_l59,2025-09-07 13:53:00,13:53,2025-09-07 13:53:00,13.883333333333333,0,18.286955209730614,11.0,37.0,13
l59_cp2_2,59,cp2,cp2_l59,cp1,cp1_l59,2025-09-07 05:57:00,05:57,2025-09-07 05:57:00,5.95,0,23.45756120724577,0.0,29.0,5
l59_cp2_4,59,cp2,cp2_l59,cp1,cp1_l59,2025-09-07 06:11:00,06:11,2025-09-07 06:11:00,6.183333333333334,0,20.993995503430252,14.0,33.0,6
l59_cp2_6,59,cp2,cp2_l59,cp1,cp1_l59,2025-09-07 06:26:00,06:26,2025-09-07 06:26:00,6.433333333333334,0,17.666739866126584,15.0,39.0,6
l59_cp2_8,59,cp2,cp2_l59,cp1,cp1_l59,2025-09-07 06:41:00,06:41,2025-09-07 06:41:00,6.683333333333334,0,18.903308700996373,15.0,36.0,6
l59_cp2_10,59,cp2,cp2_l59,cp1,cp1_l59,2025-09-07 06:56:00,06:56,2025-09-07 06:56:00,6.933333333333334,0,18.42924540891888,15.0,37.0,6
l59_cp2_12,59,cp2,cp2_l59,cp1,cp1_l59,2025-09-07 07:09:00,07:09,2025-09-07 07:09:00,7.15,0,20.802715594364724,13.0,33.0,7
l59_cp2_14,59,cp2,cp2_l59,cp1,cp1_l59,2025-09-07 07:15:00,07:15,2025-09-07 07:15:00,7.25,0,18.271218390766904,6.0,37.0,7
l59_cp2_16,59,cp2,cp2_l59,cp1,cp1_l59,2025-09-07 07:21:00,07:21,2025-09-07 07:21:00,7.35,0,21.540068954937766,6.0,32.0,7
l59_cp2_18,59,cp2,cp2_l59,cp1,cp1_l59,2025-09-07 07:27:00,07:27,2025-09-07 07:27:00,7.45,0,20.09914852615525,6.0,34.0,7
l59_cp2_20,59,cp2,cp2_l59,cp1,cp1_l59,2025-09-07 07:34:00,07:34,2025-09-07 07:34:00,7.566666666666666,0,17.313986024447246,7.0,40.0,7
l59_cp2_22,59,cp2,cp2_l59,cp1,cp1_l59,2025-09-07 07:45:00,07:45,2025-09-07 07:45:00,7.75,0,18.37987918838249,11.0,37.0,7
l59_cp2_24,59,cp2,cp2_l59,cp1,cp1_l59,2025-09-07 07:54:00,07:54,2025-09-07 07:54:00,7.9,0,17.844850372428823,9.0,38.0,7
l59_cp2_26,59,cp2,cp2_l59,cp1,cp1_l59,2025-09-07 08:00:00,08:00,2025-09-07 08:00:00,8.0,0,18.815432813990846,6.0,36.0,8
l59_cp2_28,59,cp2,cp2_l59,cp1,cp1_l59,2025-09-07 08:08:00,08:08,2025-09-07 08:08:00,8.133333333333333,0,17.378686995154077,8.0,39.0,8
l59_cp2_30,59,cp2,cp2_l59,cp1,cp1_l59,2025-09-07 08:16:00,08:16,2025-09-07 08:16:00,8.266666666666667,0,20.521747020419866,8.0,33.0,8
l59_cp2_32,59,cp2,cp2_l59,cp1,cp1_l59,2025-09-07 08:25:00,08:25,2025-09-07 08:25:00,8.416666666666666,0,18.446012777350123,9.0,37.0,8
l59_cp2_34,59,cp2,cp2_l59,cp1,cp1_l59,2025-09-07 08:32:00,08:32,2025-09-07 08:32:00,8.533333333333333,0,16.668220292229403,7.0,41.0,8
l59_cp2_36,59,cp2,cp2_l59,cp1,cp1_l59,2025-09-07 08:39:00,08:39,2025-09-07 08:39:00,8.65,0,18.142715128713203,7.0,38.0,8
l59_cp2_38,59,cp2,cp2_l59,cp1,cp1_l59,2025-09-07 08:44:00,08:44,2025-09-07 08:44:00,8.733333333333333,0,17.790491317469183,5.0,38.0,8
l59_cp2_40,59,cp2,cp2_l59,cp1,cp1_l59,2025-09-07 08:54:00,08:54,2025-09-07 08:54:00,8.9,0,15.693062776332095,10.0,44.0,8
l59_cp2_42,59,cp2,cp2_l59,cp1,cp1_l59,2025-09-07 09:00:00,09:00,2025-09-07 09:00:00,9.0,0,16.559754123716107,6.0,41.0,9
l59_cp2_44,59,cp2,cp2_l59,cp1,cp1_l59,2025-09-07 09:08:00,09:08,2025-09-07 09:08:00,9.133333333333333,0,22.024355063908178,8.0,31.0,9
l59_cp2_46,59,cp2,cp2_l59,cp1,cp1_l59,2025-09-07 09:13:00,09:13,2025-09-07 09:13:00,9.216666666666667,0,22.84355656645702,5.0,30.0,9
l59_cp2_48,59,cp2,cp2_l59,cp1,cp1_l59,2025-09-07 09:22:00,09:22,2025-09-07 09:22:00,9.366666666666667,0,17.51700177066629,9.0,39.0,9
l59_cp2_50,59,cp2,cp2_l59,cp1,cp1_l59,2025-09-07 09:29:00,09:29,2025-09-07 09:29:00,9.483333333333333,0,20.135847652900544,7.0,34.0,9
l59_cp2_52,59,cp2,cp2_l59,cp1,cp1_l59,2025-09-07 09:36:00,09:36,2025-09-07 09:36:00,9.6,0,20.22968754583026,7.0,34.0,9
l59_cp2_54,59,cp2,cp2_l59,cp1,cp1_l59,2025-09-07 09:47:00,09:47,2025-09-07 09:47:00,9.783333333333333,0,23.808239226365945,11.0,29.0,9
l59_cp2_56,59,cp2,cp2_l59,cp1,cp1_l59,2025-09-07 10:00:00,10:00,2025-09-07 10:00:00,10.0,0,21.75194646840762,13.0,31.0,10
l59_cp2_58,59,cp2,cp2_l59,cp1,cp1_l59,2025-09-07 10:13:00,10:13,2025-09-07 10:13:00,10.216666666666667,0,18.177235518623636,13.0,38.0,10
l59_cp2_60,59,cp2,cp2_l59,cp1,cp1_l59,2025-09-07 10:22:00,10:22,2025-09-07 10:22:00,10.366666666666667,0,18.19421486478654,9.0,38.0,10
l59_cp2_62,59,cp2,cp2_l59,cp1,cp1_l59,2025-09-07 10:33:00,10:33,2025-09-07 10:33:00,10.55,0,17.58546091481481,11.0,39.0,10
l59_cp2_64,59,cp2,cp2_l59,cp1,cp1_l59,2025-09-07 10:46:00,10:46,2025-09-07 10:46:00,10.766666666666667,0,19.586439778252817,13.0,35.0,10
l59_cp2_66,59,cp2,cp2_l59,cp1,cp1_l59,2025-09-07 10:52:00,10:52,2025-09-07 10:52:00,10.866666666666667,0,19.020541828462235,6.0,36.0,10
l59_cp2_68,59,cp2,cp2_l59,cp1,cp1_l59,2025-09-07 11:03:00,11:03,2025-09-07 11:03:00,11.05,0,19.335306729225422,11.0,35.0,11
l59_cp2_70,59,cp2,cp2_l59,cp1,cp1_l59,2025-09-07 11:11:00,11:11,2025-09-07 11:11:00,11.183333333333334,0,20.0770982885668,8.0,34.0,11
l59_cp2_72,59,cp2,cp2_l59,cp1,cp1_l59,2025-09-07 11:22:00,11:22,2025-09-07 11:22:00,11.366666666666667,0,22.959462033141186,11.0,30.0,11
l59_cp2_74,59,cp2,cp2_l59,cp1,cp1_l59,2025-09-07 11:29:00,11:29,2025-09-07 11:29:00,11.483333333333333,0,19.752278871787233,7.0,35.0,11
l59_cp2_76,59,cp2,cp2_l59,cp1,cp1_l59,2025-09-07 11:43:00,11:43,2025-09-07 11:43:00,11.716666666666667,0,20.011978427416228,14.0,34.0,11
l59_cp2_78,59,cp2,cp2_l59,cp1,cp1_l59,2025-09-07 11:53:00,11:53,2025-09-07 11:53:00,11.883333333333333,0,18.395813519186344,10.0,37.0,11
l59_cp2_80,59,cp2,cp2_l59,cp1,cp1_l59,2025-09-07 12:09:00,12:09,2025-09-07 12:09:00,12.15,0,19.353537631121913,16.0,35.0,12
l59_cp2_82,59,cp2,cp2_l59,cp1,cp1_l59,2025-09-07 12:23:00,12:23,2025-09-07 12:23:00,12.383333333333333,0,23.060537138139964,14.0,30.0,12
l59_cp2_84,59,cp2,cp2_l59,cp1,cp1_l59,2025-09-07 12:31:00,12:31,2025-09-07 12:31:00,12.516666666666667,0,24.776141262482064,8.0,28.0,12
l59_cp2_86,59,cp2,cp2_l59,cp1,cp1_l59,2025-09-07 12:40:00,12:40,2025-09-07 12:40:00,12.666666666666666,0,21.822667209882457,9.0,31.0,12
l59_cp2_88,59,cp2,cp2_l59,cp1,cp1_l59,2025-09-07 12:45:00,12:45,2025-09-07 12:45:00,12.75,0,20.466966373212074,5.0,33.0,12
l59_cp2_90,59,cp2,cp2_l59,cp1,cp1_l59,2025-09-07 13:03:00,13:03,2025-09-07 13:03:00,13.05,0,19.27394476069317,18.0,35.0,13
l59_cp2_92,59,cp2,cp2_l59,cp1,cp1_l59,2025-09-07 13:18:00,13:18,2025-09-07 13:18:00,13.3,0,20.63201923323894,15.0,33.0,13
l59_cp2_94,59,cp2,cp2_l59,cp1,cp1_l59,2025-09-07 13:27:00,13:27,2025-09-07 13:27:00,13.45,0,22.20411937643,9.0,31.0,13
l59_cp2_96,59,cp2,cp2_l59,cp1,cp1_l59,2025-09-07 13:39:00,13:39,2025-09-07 13:39:00,13.65,0,18.9181912012148,12.0,36.0,13
l59_cp2_98,59,cp2,cp2_l59,cp1,cp1_l59,2025-09-07 13:49:00,13:49,2025-09-07 13:49:00,13.816666666666666,0,22.680679421840043,10.0,30.0,13
l59_cp2_100,59,cp2,cp2_l59,cp1,cp1_l59,2025-09-07 14:03:00,14:03,2025-09-07 14:03:00,14.05,0,17.425481633949563,14.0,39.0,14
