Iteration,Experiment,Time,Objective,Columns,Difference,RMP_time,Graph_time,SPFA_time,Label_time,Filter_time,Iteration_time
001,7,2025-09-01 19:17:19,186844.6,378,0.0,0.1028,0.112,5.325,0.006,0.001,5.5538
002,7,2025-09-01 19:17:19,186200.64,407,643.97,0.119,0.116,5.1815,0.01,0.001,5.4335
003,7,2025-09-01 19:17:19,186200.64,437,0.0,0.1386,0.1357,5.9448,0.011,0.001,6.2396
004,7,2025-09-01 19:17:19,186200.64,459,0.0,0.147,0.116,6.8289,0.008,0.001,7.1139
005,7,2025-09-01 19:17:19,186200.64,477,0.0,0.144,0.118,5.222,0.009,0.001,5.505
006,7,2025-09-01 19:17:19,186200.64,492,0.0,0.131,0.115,6.9647,0.011,0.001,7.2336
007,7,2025-09-01 19:17:19,186200.64,504,0.0,0.135,0.114,6.5114,0.01,0.001,6.7824
008,7,2025-09-01 19:17:19,185140.49,525,1060.15,0.155,0.116,6.8329,0.0136,0.001,7.1271
009,7,2025-09-01 19:17:19,185140.49,539,0.0,0.1763,0.136,6.1152,0.019,0.001,6.4591
010,7,2025-09-01 19:17:19,185140.49,563,0.0,0.165,0.113,7.1307,0.008,0.001,7.4246
011,7,2025-09-01 19:17:19,185041.64,599,98.85,0.151,0.115,6.8814,0.009,0.001,7.1664
012,7,2025-09-01 19:17:19,185041.64,639,0.0,0.161,0.114,7.3771,0.008,0.001,7.6721
013,7,2025-09-01 19:17:19,185009.96,666,31.68,0.162,0.112,7.3412,0.008,0.001,7.6342
014,7,2025-09-01 19:17:19,185009.96,697,0.0,0.165,0.112,7.5196,0.006,0.001,7.8156
015,7,2025-09-01 19:17:19,185009.96,736,0.0,0.216,0.114,8.4985,0.017,0.001,8.8585
016,7,2025-09-01 19:17:19,185009.96,772,0.0,0.193,0.127,6.7467,0.0087,0.0006,7.0885
017,7,2025-09-01 19:17:19,185009.96,813,0.0,0.2295,0.133,8.3841,0.009,0.001,8.7696
018,7,2025-09-01 19:17:19,185009.96,850,0.0,0.19,0.11,7.2872,0.018,0.001,7.6192
019,7,2025-09-01 19:17:19,185009.96,893,0.0,0.212,0.119,7.0652,0.013,0.001,7.4232
020,7,2025-09-01 19:17:19,185009.96,919,0.0,0.207,0.122,7.7288,0.022,0.001,8.0918
021,7,2025-09-01 19:17:19,184807.39,944,202.58,0.222,0.1262,6.7696,0.01,0.001,7.1423
022,7,2025-09-01 19:17:19,184807.39,974,0.0,0.234,0.113,8.578,0.011,0.001,8.9522
023,7,2025-09-01 19:17:19,184807.39,1004,0.0,0.2764,0.124,6.143,0.007,0.0,6.5686
024,7,2025-09-01 19:17:19,184807.39,1028,0.0,0.298,0.121,8.0847,0.0203,0.0015,8.542
025,7,2025-09-01 19:17:19,184807.39,1056,0.0,0.2876,0.116,6.7196,0.006,0.001,7.1462
026,7,2025-09-01 19:17:19,184807.39,1081,0.0,0.2821,0.1246,7.103,0.0063,0.0011,7.5352
027,7,2025-09-01 19:17:19,184807.39,1124,0.0,0.2865,0.118,7.0026,0.007,0.001,7.4326
028,7,2025-09-01 19:17:19,184125.42,1166,681.97,0.334,0.159,7.2483,0.01,0.001,7.7703
029,7,2025-09-01 19:17:19,183518.06,1216,607.36,0.328,0.113,8.6696,0.0091,0.0011,9.1398
030,7,2025-09-01 19:17:19,182690.66,1259,827.39,0.3966,0.12,7.3862,0.006,0.001,7.9313
031,7,2025-09-01 19:17:19,181648.71,1295,1041.95,0.316,0.112,5.5826,0.017,0.001,6.0496
032,7,2025-09-01 19:17:19,181011.85,1345,636.86,0.308,0.111,8.5557,0.0076,0.001,9.0064
033,7,2025-09-01 19:17:19,179688.43,1395,1323.42,0.332,0.117,7.6208,0.005,0.001,8.0948
034,7,2025-09-01 19:17:19,178706.37,1439,982.07,0.353,0.114,8.0469,0.014,0.001,8.5479
035,7,2025-09-01 19:17:19,177499.8,1483,1206.56,0.435,0.116,5.9661,0.015,0.001,6.5642
036,7,2025-09-01 19:17:19,175396.45,1533,2103.35,0.4015,0.122,7.0656,0.013,0.001,7.6302
037,7,2025-09-01 19:17:19,173437.49,1581,1958.96,0.438,0.117,7.3707,0.008,0.001,7.9577
038,7,2025-09-01 19:17:19,172195.65,1631,1241.84,0.387,0.1314,8.1631,0.009,0.001,8.7131
039,7,2025-09-01 19:17:19,168694.75,1681,3500.89,0.399,0.12,8.5195,0.018,0.001,9.0775
040,7,2025-09-01 19:17:19,165666.59,1718,3028.16,0.4411,0.113,7.441,0.012,0.001,8.0341
041,7,2025-09-01 19:17:19,163527.69,1763,2138.91,0.4423,0.112,8.0121,0.023,0.001,8.6185
042,7,2025-09-01 19:17:19,162542.8,1803,984.88,0.5146,0.112,7.0429,0.014,0.001,7.7105
043,7,2025-09-01 19:17:19,161378.65,1852,1164.15,0.513,0.1322,8.4998,0.009,0.001,9.1891
044,7,2025-09-01 19:17:19,159206.91,1892,2171.74,0.436,0.118,7.528,0.007,0.001,8.118
045,7,2025-09-01 19:17:19,157351.24,1942,1855.68,0.476,0.1535,8.8534,0.007,0.001,9.5231
046,7,2025-09-01 19:17:19,156126.75,1982,1224.48,0.491,0.1134,8.1441,0.011,0.001,8.7876
047,7,2025-09-01 19:17:19,154332.82,2020,1793.94,0.5097,0.122,7.0264,0.008,0.001,7.7311
048,7,2025-09-01 19:17:19,152696.41,2064,1636.4,0.5255,0.119,7.4482,0.011,0.001,8.1387
049,7,2025-09-01 19:17:19,151445.58,2113,1250.83,0.595,0.1061,7.6545,0.011,0.002,8.4006
050,7,2025-09-01 19:17:19,149408.15,2145,2037.43,0.529,0.1334,7.2991,0.008,0.002,8.0041
051,7,2025-09-01 19:17:19,147691.54,2190,1716.61,0.6495,0.1268,7.7411,0.013,0.001,8.5694
052,7,2025-09-01 19:17:19,146443.15,2231,1248.39,0.5531,0.1124,7.8813,0.016,0.003,8.6293
053,7,2025-09-01 19:17:19,145271.07,2259,1172.08,0.5819,0.1189,7.8149,0.007,0.001,8.5597
054,7,2025-09-01 19:17:19,144302.74,2291,968.33,0.599,0.1279,7.2968,0.014,0.0,8.0727
055,7,2025-09-01 19:17:19,142641.11,2316,1661.63,0.5599,0.1154,6.6972,0.008,0.001,7.4512
056,7,2025-09-01 19:17:19,141515.43,2350,1125.68,0.5794,0.109,8.099,0.019,0.001,8.8364
057,7,2025-09-01 19:17:19,140290.06,2384,1225.37,0.6529,0.12,7.175,0.008,0.001,7.9909
058,7,2025-09-01 19:17:19,139114.6,2420,1175.46,0.595,0.1057,8.0641,0.009,0.001,8.8088
059,7,2025-09-01 19:17:19,138202.01,2468,912.6,0.7234,0.115,7.4681,0.008,0.001,8.3515
060,7,2025-09-01 19:17:19,137484.82,2509,717.19,0.7275,0.113,8.3388,0.0179,0.0011,9.2288
061,7,2025-09-01 19:17:19,136610.08,2543,874.74,0.681,0.116,7.5147,0.01,0.001,8.3702
062,7,2025-09-01 19:17:19,136035.63,2581,574.45,0.6851,0.106,7.2544,0.008,0.001,8.0887
063,7,2025-09-01 19:17:19,135250.02,2611,785.61,0.6894,0.1488,6.9179,0.011,0.001,7.8037
064,7,2025-09-01 19:17:19,134266.19,2650,983.83,0.8312,0.114,7.8949,0.008,0.001,8.8907
065,7,2025-09-01 19:17:19,133643.48,2692,622.7,0.7011,0.1079,8.1583,0.012,0.001,9.0173
066,7,2025-09-01 19:17:19,133154.69,2726,488.79,0.727,0.114,7.3935,0.008,0.001,8.2845
067,7,2025-09-01 19:17:19,132637.26,2760,517.43,0.7502,0.114,7.6148,0.012,0.001,8.5339
068,7,2025-09-01 19:17:19,131901.37,2794,735.89,0.8088,0.1139,8.4567,0.02,0.001,9.4547
069,7,2025-09-01 19:17:19,131374.93,2830,526.44,0.733,0.11,7.4443,0.014,0.002,8.3373
070,7,2025-09-01 19:17:19,130711.38,2863,663.55,0.9344,0.127,7.872,0.013,0.001,8.9894
071,7,2025-09-01 19:17:19,130414.27,2900,297.11,0.7405,0.108,7.4822,0.015,0.001,8.397
072,7,2025-09-01 19:17:19,130034.94,2935,379.33,0.8076,0.1331,9.1924,0.008,0.001,10.1949
073,7,2025-09-01 19:17:19,129460.28,2977,574.66,0.8126,0.117,9.0735,0.009,0.001,10.0531
074,7,2025-09-01 19:17:19,129032.17,3023,428.12,0.8454,0.122,8.381,0.015,0.001,9.4063
075,7,2025-09-01 19:17:19,128558.21,3062,473.96,0.7455,0.1312,8.0478,0.01,0.001,8.9865
076,7,2025-09-01 19:17:19,128232.96,3097,325.26,0.821,0.111,6.9382,0.008,0.001,7.9262
077,7,2025-09-01 19:17:19,127789.01,3131,443.94,0.7677,0.105,7.1726,0.013,0.001,8.1033
078,7,2025-09-01 19:17:19,127518.02,3160,270.99,0.7658,0.1337,7.7343,0.013,0.0,8.7003
079,7,2025-09-01 19:17:19,127308.96,3195,209.06,0.698,0.1127,7.4796,0.01,0.001,8.3462
080,7,2025-09-01 19:17:19,126979.71,3221,329.25,0.8357,0.1252,7.7792,0.008,0.001,8.7931
081,7,2025-09-01 19:17:19,126642.99,3255,336.72,0.7988,0.113,8.127,0.015,0.001,9.0997
082,7,2025-09-01 19:17:19,126342.18,3286,300.8,0.7653,0.1155,7.9615,0.015,0.001,8.9188
083,7,2025-09-01 19:17:19,125867.57,3323,474.61,0.7278,0.111,8.2541,0.008,0.001,9.1469
084,7,2025-09-01 19:17:19,125564.08,3350,303.49,0.8117,0.118,8.6869,0.01,0.001,9.6746
085,7,2025-09-01 19:17:19,125251.63,3383,312.45,0.8403,0.118,7.7233,0.011,0.001,8.7534
086,7,2025-09-01 19:17:19,125027.36,3412,224.27,0.7826,0.106,8.7908,0.014,0.001,9.7414
087,7,2025-09-01 19:17:19,124733.78,3441,293.58,0.7542,0.11,9.09,0.016,0.001,10.0242
088,7,2025-09-01 19:17:19,124511.09,3465,222.69,0.823,0.1069,7.5967,0.018,0.001,8.5921
089,7,2025-09-01 19:17:19,124301.94,3497,209.15,0.8014,0.1314,8.4714,0.009,0.001,9.4733
090,7,2025-09-01 19:17:19,123956.95,3524,344.99,0.7547,0.1171,7.783,0.011,0.0,8.7115
091,7,2025-09-01 19:17:19,123645.13,3555,311.83,0.8275,0.112,7.958,0.009,0.002,8.9606
092,7,2025-09-01 19:17:19,123438.99,3578,206.14,0.8719,0.1165,7.9807,0.011,0.001,9.0312
093,7,2025-09-01 19:17:19,123277.23,3604,161.76,0.784,0.109,7.2536,0.01,0.001,8.2086
094,7,2025-09-01 19:17:19,123153.47,3636,123.76,0.791,0.1134,7.9081,0.017,0.001,8.8815
095,7,2025-09-01 19:17:19,122938.41,3671,215.06,0.8615,0.113,9.0359,0.0101,0.001,10.0745
096,7,2025-09-01 19:17:19,122800.7,3695,137.71,0.8856,0.114,10.8408,0.022,0.001,11.9184
097,7,2025-09-01 19:17:19,122701.25,3720,99.45,0.8512,0.116,8.6512,0.016,0.001,9.6865
098,7,2025-09-01 19:17:19,122542.59,3743,158.66,0.9111,0.147,8.8256,0.011,0.001,9.9547
099,7,2025-09-01 19:17:19,122385.54,3770,157.05,0.9179,0.116,7.8828,0.008,0.001,8.9796
100,7,2025-09-01 19:17:19,122188.44,3796,197.1,0.8005,0.1312,9.1048,0.008,0.001,10.1133
101,7,2025-09-01 19:17:19,122059.96,3829,128.48,0.8499,0.1417,7.6979,0.01,0.001,8.8016
102,7,2025-09-01 19:17:19,121828.61,3863,231.35,0.8134,0.114,9.6769,0.01,0.001,10.6693
103,7,2025-09-01 19:17:19,121702.8,3887,125.81,0.8638,0.1662,9.321,0.009,0.001,10.4239
