,trip_id,line,start_cp,start_cp_id,dest_cp,dest_cp_id,departure_time,departure_time_str,datetime_obj,datetime_float,pdf,speed,departure_interval,planned_travel_time
0,l4_cp1_1,4,cp1,cp1_l4,cp2,cp2_l4,2025-08-16 05:49:00,05:49,2025-08-16 05:49:00,5.833333333333333,0.057384656442490016,20.009914760023268,0.0,72.0
1,l4_cp1_3,4,cp1,cp1_l4,cp2,cp2_l4,2025-08-16 07:13:00,07:13,2025-08-16 07:13:00,7.220081103530361,0.104548270277863,15.187190814478583,84.0,95.0
2,l4_cp1_5,4,cp1,cp1_l4,cp2,cp2_l4,2025-08-16 07:30:00,07:30,2025-08-16 07:30:00,7.515580696979298,0.10637889450335965,15.0,17.0,96.0
3,l4_cp1_7,4,cp1,cp1_l4,cp2,cp2_l4,2025-08-16 07:51:00,07:51,2025-08-16 07:51:00,7.864354966683015,0.10329206158001303,15.315644664280459,21.0,94.0
4,l4_cp1_9,4,cp1,cp1_l4,cp2,cp2_l4,2025-08-16 08:04:00,08:04,2025-08-16 08:04:00,8.075018407405597,0.09884817853008256,15.770054737073183,13.0,91.0
5,l4_cp1_11,4,cp1,cp1_l4,cp2,cp2_l4,2025-08-16 09:12:00,09:12,2025-08-16 09:12:00,9.214307574572787,0.055368846308338986,20.216041793409126,68.0,71.0
6,l4_cp1_13,4,cp1,cp1_l4,cp2,cp2_l4,2025-08-16 11:56:00,11:56,2025-08-16 11:56:00,11.946341178779548,0.08539461681155033,17.145751147431078,164.0,84.0
7,l4_cp1_15,4,cp1,cp1_l4,cp2,cp2_l4,2025-08-16 14:06:00,14:06,2025-08-16 14:06:00,14.11177947246275,0.01147018422831863,24.704907500979317,130.0,58.0
8,l4_cp1_17,4,cp1,cp1_l4,cp2,cp2_l4,2025-08-16 16:00:00,16:00,2025-08-16 16:00:00,16.007557118961863,0.04129032494077964,21.655643566805637,114.0,66.0
9,l4_cp1_19,4,cp1,cp1_l4,cp2,cp2_l4,2025-08-16 17:45:00,17:45,2025-08-16 17:45:00,17.76452149433717,0.08389330308202793,17.299268257006602,105.0,83.0
10,l4_cp1_21,4,cp1,cp1_l4,cp2,cp2_l4,2025-08-16 18:14:00,18:14,2025-08-16 18:14:00,18.240074398201855,0.08900715005481533,16.776350900936322,29.0,86.0
11,l4_cp1_23,4,cp1,cp1_l4,cp2,cp2_l4,2025-08-16 18:44:00,18:44,2025-08-16 18:44:00,18.744658659727964,0.0890928991957296,16.76758260687301,30.0,86.0
12,l4_cp1_25,4,cp1,cp1_l4,cp2,cp2_l4,2025-08-16 19:56:00,19:56,2025-08-16 19:56:00,19.938708111760533,0.06929874110404466,18.79163785725904,72.0,77.0
13,l4_cp1_27,4,cp1,cp1_l4,cp2,cp2_l4,2025-08-16 21:45:00,21:45,2025-08-16 21:45:00,21.76232973537617,0.023731717776305897,23.451102148883358,109.0,61.0
14,l4_cp1_29,4,cp1,cp1_l4,cp2,cp2_l4,2025-08-16 22:31:00,22:31,2025-08-16 22:31:00,22.532976132585844,0.011752309897007759,24.67605868920698,46.0,58.0
15,l4_cp2_2,4,cp2,cp2_l4,cp1,cp1_l4,2025-08-16 06:01:00,06:01,2025-08-16 06:01:00,6.023912291563193,0.06555407484581384,19.174549389328668,0.0,75.0
16,l4_cp2_4,4,cp2,cp2_l4,cp1,cp1_l4,2025-08-16 07:26:00,07:26,2025-08-16 07:26:00,7.438202575095631,0.10629438362042913,15.00864167576706,85.0,96.0
17,l4_cp2_6,4,cp2,cp2_l4,cp1,cp1_l4,2025-08-16 07:38:00,07:38,2025-08-16 07:38:00,7.644169288966576,0.10589440350386371,15.04954171562904,12.0,96.0
18,l4_cp2_8,4,cp2,cp2_l4,cp1,cp1_l4,2025-08-16 07:59:00,07:59,2025-08-16 07:59:00,7.983784863571699,0.1009929958354646,15.55073605183438,21.0,93.0
19,l4_cp2_10,4,cp2,cp2_l4,cp1,cp1_l4,2025-08-16 08:48:00,08:48,2025-08-16 08:48:00,8.812326029997584,0.07255608339715412,18.458557726235824,49.0,78.0
20,l4_cp2_12,4,cp2,cp2_l4,cp1,cp1_l4,2025-08-16 11:04:00,11:04,2025-08-16 11:04:00,11.081213600116135,0.021018253804238198,23.728567902867816,136.0,61.0
21,l4_cp2_14,4,cp2,cp2_l4,cp1,cp1_l4,2025-08-16 12:03:00,12:03,2025-08-16 12:03:00,12.065903781647984,0.08760794378645648,16.91942699342416,59.0,85.0
22,l4_cp2_16,4,cp2,cp2_l4,cp1,cp1_l4,2025-08-16 15:58:00,15:58,2025-08-16 15:58:00,15.974316541148822,0.04043830911871483,21.7427666002822,235.0,66.0
23,l4_cp2_18,4,cp2,cp2_l4,cp1,cp1_l4,2025-08-16 16:06:00,16:06,2025-08-16 16:06:00,16.11138015059702,0.04399051062196865,21.379535586879797,8.0,67.0
24,l4_cp2_20,4,cp2,cp2_l4,cp1,cp1_l4,2025-08-16 17:56:00,17:56,2025-08-16 17:56:00,17.943219194408623,0.08635021209826221,17.04803657688181,110.0,84.0
25,l4_cp2_22,4,cp2,cp2_l4,cp1,cp1_l4,2025-08-16 18:17:00,18:17,2025-08-16 18:17:00,18.296383073997344,0.08929802645203908,16.74660728181966,21.0,86.0
26,l4_cp2_24,4,cp2,cp2_l4,cp1,cp1_l4,2025-08-16 18:57:00,18:57,2025-08-16 18:57:00,18.954122129631347,0.08747766515617705,16.932748658554285,40.0,85.0
27,l4_cp2_26,4,cp2,cp2_l4,cp1,cp1_l4,2025-08-16 21:12:00,21:12,2025-08-16 21:12:00,21.213539232518457,0.03575714013299309,22.22144038977136,135.0,65.0
28,l4_cp2_28,4,cp2,cp2_l4,cp1,cp1_l4,2025-08-16 21:47:00,21:47,2025-08-16 21:47:00,21.784521168296084,0.023304627730113055,23.494774319550086,35.0,61.0
29,l4_cp2_30,4,cp2,cp2_l4,cp1,cp1_l4,2025-08-16 22:49:00,22:49,2025-08-16 22:49:00,22.833333333333332,0.008584340288944054,25.0,62.0,58.0
30,l59_cp1_1,59,cp1,cp1_l59,cp2,cp2_l59,2025-08-16 06:40:00,06:40,2025-08-16 06:40:00,6.666666666666667,0.09117128069041198,16.667916051807232,0.0,41.0
31,l59_cp1_3,59,cp1,cp1_l59,cp2,cp2_l59,2025-08-16 09:15:00,09:15,2025-08-16 09:15:00,9.254385266457305,0.0536847509837746,21.046059917766186,155.0,33.0
32,l59_cp1_5,59,cp1,cp1_l59,cp2,cp2_l59,2025-08-16 12:07:00,12:07,2025-08-16 12:07:00,12.127177555221413,0.08741572187905608,17.106536988497318,172.0,40.0
33,l59_cp1_7,59,cp1,cp1_l59,cp2,cp2_l59,2025-08-16 17:51:00,17:51,2025-08-16 17:51:00,17.855265740135515,0.08521705465625332,17.36332473305865,344.0,39.0
34,l59_cp1_9,59,cp1,cp1_l59,cp2,cp2_l59,2025-08-16 18:46:00,18:46,2025-08-16 18:46:00,18.781393298127423,0.08887795135206433,16.935759617319587,55.0,40.0
35,l59_cp2_2,59,cp2,cp2_l59,cp1,cp1_l59,2025-08-16 07:41:00,07:41,2025-08-16 07:41:00,7.699026017124021,0.105452306289043,15.0,0.0,46.0
36,l59_cp2_4,59,cp2,cp2_l59,cp1,cp1_l59,2025-08-16 10:15:00,10:15,2025-08-16 10:15:00,10.257818707818949,0.01983033758649868,25.0,154.0,27.0
37,l59_cp2_6,59,cp2,cp2_l59,cp1,cp1_l59,2025-08-16 17:01:00,17:01,2025-08-16 17:01:00,17.032815188346277,0.0685856248642086,19.30575026286903,406.0,35.0
38,l59_cp2_8,59,cp2,cp2_l59,cp1,cp1_l59,2025-08-16 18:00:00,18:00,2025-08-16 18:00:00,18.013013843801104,0.0871401227625338,17.138724886147713,59.0,40.0
39,l59_cp2_10,59,cp2,cp2_l59,cp1,cp1_l59,2025-08-16 19:49:00,19:49,2025-08-16 19:49:00,19.833333333333332,0.0718758012425295,18.921482483445367,109.0,36.0
40,l60_cp1_1,60,cp1,cp1_l60,cp2,cp2_l60,2025-08-16 06:00:00,06:00,2025-08-16 06:00:00,6.0,0.06452552683408863,19.743484011463202,0.0,58.0
41,l60_cp1_3,60,cp1,cp1_l60,cp2,cp2_l60,2025-08-16 11:38:00,11:38,2025-08-16 11:38:00,11.641679898529992,0.06531794383487034,19.592692518012623,338.0,58.0
42,l60_cp1_5,60,cp1,cp1_l60,cp2,cp2_l60,2025-08-16 16:50:00,16:50,2025-08-16 16:50:00,16.834066022377904,0.06344953549453278,19.948237747023462,312.0,57.0
43,l60_cp1_7,60,cp1,cp1_l60,cp2,cp2_l60,2025-08-16 17:47:00,17:47,2025-08-16 17:47:00,17.787552438383788,0.08424373277770186,15.991245329720718,57.0,71.0
44,l60_cp1_9,60,cp1,cp1_l60,cp2,cp2_l60,2025-08-16 19:00:00,19:00,2025-08-16 19:00:00,19.00799825942268,0.0869126933481748,15.483360529186022,73.0,74.0
45,l60_cp1_11,60,cp1,cp1_l60,cp2,cp2_l60,2025-08-16 20:23:00,20:23,2025-08-16 20:23:00,20.397977819772432,0.05721819221039482,21.13401942395802,83.0,54.0
46,l60_cp2_2,60,cp2,cp2_l60,cp1,cp1_l60,2025-08-16 09:16:00,09:16,2025-08-16 09:16:00,9.270364431559331,0.053017120810817664,21.93345435507361,0.0,52.0
47,l60_cp2_4,60,cp2,cp2_l60,cp1,cp1_l60,2025-08-16 16:03:00,16:03,2025-08-16 16:03:00,16.052036264755262,0.042440211175078624,23.94616735655078,407.0,48.0
48,l60_cp2_6,60,cp2,cp2_l60,cp1,cp1_l60,2025-08-16 17:16:00,17:16,2025-08-16 17:16:00,17.27506647128407,0.07441102386833884,17.862342062432152,73.0,64.0
49,l60_cp2_8,60,cp2,cp2_l60,cp1,cp1_l60,2025-08-16 18:39:00,18:39,2025-08-16 18:39:00,18.66615672891975,0.08945277761996687,15.0,83.0,76.0
50,l60_cp2_10,60,cp2,cp2_l60,cp1,cp1_l60,2025-08-16 19:35:00,19:35,2025-08-16 19:35:00,19.592003319563457,0.07733162272030991,17.30657223136554,56.0,66.0
51,l60_cp2_12,60,cp2,cp2_l60,cp1,cp1_l60,2025-08-16 21:10:00,21:10,2025-08-16 21:10:00,21.166666666666668,0.036902266802098536,25.0,95.0,46.0
