,trip_id,line,start_cp,start_cp_id,dest_cp,dest_cp_id,departure_time,departure_time_str,datetime_obj,datetime_float,pdf,speed,departure_interval,planned_travel_time
0,l4_cp1_1,4,cp1,cp1_l4,cp2,cp2_l4,2025-08-16 05:49:00,05:49,2025-08-16 05:49:00,5.833333333333333,0.057384656442490016,20.00994815108009,0.0,72.0
1,l4_cp1_3,4,cp1,cp1_l4,cp2,cp2_l4,2025-08-16 06:48:00,06:48,2025-08-16 06:48:00,6.813304877124182,0.09580089337686946,16.081715113823094,59.0,90.0
2,l4_cp1_5,4,cp1,cp1_l4,cp2,cp2_l4,2025-08-16 07:01:00,07:01,2025-08-16 07:01:00,7.023086314458661,0.10114117018553782,15.535647787558378,13.0,93.0
3,l4_cp1_7,4,cp1,cp1_l4,cp2,cp2_l4,2025-08-16 07:15:00,07:15,2025-08-16 07:15:00,7.256014811663795,0.10498656681588756,15.142438684061354,14.0,95.0
4,l4_cp1_9,4,cp1,cp1_l4,cp2,cp2_l4,2025-08-16 07:30:00,07:30,2025-08-16 07:30:00,7.514665386190879,0.10637954889806647,15.0,15.0,96.0
5,l4_cp1_11,4,cp1,cp1_l4,cp2,cp2_l4,2025-08-16 08:08:00,08:08,2025-08-16 08:08:00,8.139575748229012,0.09714072454686565,15.944711349625265,38.0,90.0
6,l4_cp1_13,4,cp1,cp1_l4,cp2,cp2_l4,2025-08-16 08:43:00,08:43,2025-08-16 08:43:00,8.720836781183216,0.07639055274253309,18.066509758713885,35.0,80.0
7,l4_cp1_15,4,cp1,cp1_l4,cp2,cp2_l4,2025-08-16 12:11:00,12:11,2025-08-16 12:11:00,12.195207283245539,0.08627340545941627,17.055943611615213,208.0,84.0
8,l4_cp1_17,4,cp1,cp1_l4,cp2,cp2_l4,2025-08-16 15:20:00,15:20,2025-08-16 15:20:00,15.335154931768285,0.025665939041412147,23.253329688089167,189.0,62.0
9,l4_cp1_19,4,cp1,cp1_l4,cp2,cp2_l4,2025-08-16 17:20:00,17:20,2025-08-16 17:20:00,17.33499722878185,0.07575526428835691,18.13147086092037,120.0,79.0
10,l4_cp1_21,4,cp1,cp1_l4,cp2,cp2_l4,2025-08-16 18:27:00,18:27,2025-08-16 18:27:00,18.46318415891239,0.0897468063807021,16.700772742746913,67.0,86.0
11,l4_cp1_23,4,cp1,cp1_l4,cp2,cp2_l4,2025-08-16 18:48:00,18:48,2025-08-16 18:48:00,18.812726831849016,0.08867137410202303,16.81074053094168,21.0,86.0
12,l4_cp1_25,4,cp1,cp1_l4,cp2,cp2_l4,2025-08-16 19:02:00,19:02,2025-08-16 19:02:00,19.04748080167888,0.08646113144324316,17.036747785306662,14.0,85.0
13,l4_cp1_27,4,cp1,cp1_l4,cp2,cp2_l4,2025-08-16 20:10:00,20:10,2025-08-16 20:10:00,20.171885585160677,0.06329217430068032,19.405877875837664,68.0,74.0
14,l4_cp1_29,4,cp1,cp1_l4,cp2,cp2_l4,2025-08-16 20:51:00,20:51,2025-08-16 20:51:00,20.852171216844347,0.04495100819095645,21.281344616036733,41.0,68.0
15,l4_cp2_2,4,cp2,cp2_l4,cp1,cp1_l4,2025-08-16 05:56:00,05:56,2025-08-16 05:56:00,5.939606371934118,0.061928962365691224,19.545272428431517,0.0,74.0
16,l4_cp2_4,4,cp2,cp2_l4,cp1,cp1_l4,2025-08-16 06:51:00,06:51,2025-08-16 06:51:00,6.854763650700934,0.096983724924162,15.960765267290205,55.0,90.0
17,l4_cp2_6,4,cp2,cp2_l4,cp1,cp1_l4,2025-08-16 07:08:00,07:08,2025-08-16 07:08:00,7.1390970220083805,0.10334948816020095,15.309837340802286,17.0,94.0
18,l4_cp2_8,4,cp2,cp2_l4,cp1,cp1_l4,2025-08-16 07:24:00,07:24,2025-08-16 07:24:00,7.408569923423781,0.10618718421073195,15.019670154608843,16.0,96.0
19,l4_cp2_10,4,cp2,cp2_l4,cp1,cp1_l4,2025-08-16 07:53:00,07:53,2025-08-16 07:53:00,7.887148753917819,0.10289962365200252,15.355838010425732,29.0,94.0
20,l4_cp2_12,4,cp2,cp2_l4,cp1,cp1_l4,2025-08-16 08:28:00,08:28,2025-08-16 08:28:00,8.468620907889791,0.08636389588883438,17.04669055814714,35.0,84.0
21,l4_cp2_14,4,cp2,cp2_l4,cp1,cp1_l4,2025-08-16 10:19:00,10:19,2025-08-16 10:19:00,10.326688031476268,0.01833605352700476,24.002843454525742,111.0,60.0
22,l4_cp2_16,4,cp2,cp2_l4,cp1,cp1_l4,2025-08-16 12:19:00,12:19,2025-08-16 12:19:00,12.3239866890063,0.0820407528971538,17.488751376173486,120.0,82.0
23,l4_cp2_18,4,cp2,cp2_l4,cp1,cp1_l4,2025-08-16 16:56:00,16:56,2025-08-16 16:56:00,16.939943979024722,0.06621718520267143,19.106782353307302,277.0,75.0
24,l4_cp2_20,4,cp2,cp2_l4,cp1,cp1_l4,2025-08-16 17:29:00,17:29,2025-08-16 17:29:00,17.49175252174371,0.07905086429630385,17.794480935256512,33.0,81.0
25,l4_cp2_22,4,cp2,cp2_l4,cp1,cp1_l4,2025-08-16 18:44:00,18:44,2025-08-16 18:44:00,18.74629480706291,0.08908395391361759,16.7685523892666,75.0,86.0
26,l4_cp2_24,4,cp2,cp2_l4,cp1,cp1_l4,2025-08-16 18:59:00,18:59,2025-08-16 18:59:00,18.996548729069495,0.08703773749856941,16.977787222358135,15.0,85.0
27,l4_cp2_26,4,cp2,cp2_l4,cp1,cp1_l4,2025-08-16 19:46:00,19:46,2025-08-16 19:46:00,19.772055679865748,0.07332460020029623,18.380017197968005,47.0,78.0
28,l4_cp2_28,4,cp2,cp2_l4,cp1,cp1_l4,2025-08-16 20:35:00,20:35,2025-08-16 20:35:00,20.58583104215905,0.05210836418982392,20.54947276866692,49.0,70.0
29,l4_cp2_30,4,cp2,cp2_l4,cp1,cp1_l4,2025-08-16 22:49:00,22:49,2025-08-16 22:49:00,22.833333333333332,0.008584340288944054,25.0,134.0,58.0
30,l59_cp1_1,59,cp1,cp1_l59,cp2,cp2_l59,2025-08-16 06:40:00,06:40,2025-08-16 06:40:00,6.666666666666667,0.09117128069041198,15.0,0.0,46.0
31,l59_cp1_3,59,cp1,cp1_l59,cp2,cp2_l59,2025-08-16 13:30:00,13:30,2025-08-16 13:30:00,13.506249766957952,0.02875819394764899,25.0,410.0,27.0
32,l59_cp1_5,59,cp1,cp1_l59,cp2,cp2_l59,2025-08-16 17:44:00,17:44,2025-08-16 17:44:00,17.749358215538827,0.08365732434549308,16.203907183102135,254.0,42.0
33,l59_cp1_7,59,cp1,cp1_l59,cp2,cp2_l59,2025-08-16 18:56:00,18:56,2025-08-16 18:56:00,18.942792079616886,0.08758885517146096,15.573986275300895,72.0,44.0
34,l59_cp1_9,59,cp1,cp1_l59,cp2,cp2_l59,2025-08-16 19:23:00,19:23,2025-08-16 19:23:00,19.39324350083117,0.0812415141908583,16.590975069135652,27.0,41.0
35,l59_cp2_2,59,cp2,cp2_l59,cp1,cp1_l59,2025-08-16 11:45:00,11:45,2025-08-16 11:45:00,11.763361959808673,0.07539031145934293,17.528471199655723,0.0,39.0
36,l59_cp2_4,59,cp2,cp2_l59,cp1,cp1_l59,2025-08-16 16:14:00,16:14,2025-08-16 16:14:00,16.241109227067838,0.047433964556061296,22.007715595707523,269.0,31.0
37,l59_cp2_6,59,cp2,cp2_l59,cp1,cp1_l59,2025-08-16 18:50:00,18:50,2025-08-16 18:50:00,18.835644422691722,0.0885068297798338,15.426905806078747,156.0,44.0
38,l59_cp2_8,59,cp2,cp2_l59,cp1,cp1_l59,2025-08-16 19:07:00,19:07,2025-08-16 19:07:00,19.124780540007468,0.08548731724323486,15.910700582812659,17.0,43.0
39,l59_cp2_10,59,cp2,cp2_l59,cp1,cp1_l59,2025-08-16 19:49:00,19:49,2025-08-16 19:49:00,19.833333333333332,0.0718758012425295,18.09157589455706,42.0,38.0
40,l60_cp1_1,60,cp1,cp1_l60,cp2,cp2_l60,2025-08-16 06:00:00,06:00,2025-08-16 06:00:00,6.0,0.06452552683408863,18.474968316362276,0.0,62.0
41,l60_cp1_3,60,cp1,cp1_l60,cp2,cp2_l60,2025-08-16 10:58:00,10:58,2025-08-16 10:58:00,10.978558184002827,0.017217949830677353,25.0,298.0,46.0
42,l60_cp1_5,60,cp1,cp1_l60,cp2,cp2_l60,2025-08-16 12:24:00,12:24,2025-08-16 12:24:00,12.40045037712796,0.07870591261786723,16.519098403204616,86.0,69.0
43,l60_cp1_7,60,cp1,cp1_l60,cp2,cp2_l60,2025-08-16 16:25:00,16:25,2025-08-16 16:25:00,16.42562367146104,0.05241968908063183,20.144700310723085,241.0,57.0
44,l60_cp1_9,60,cp1,cp1_l60,cp2,cp2_l60,2025-08-16 18:14:00,18:14,2025-08-16 18:14:00,18.240287572013287,0.08900838251441708,15.098101033378128,109.0,76.0
45,l60_cp1_11,60,cp1,cp1_l60,cp2,cp2_l60,2025-08-16 18:38:00,18:38,2025-08-16 18:38:00,18.643148275179136,0.0895323883134599,15.025826047894984,24.0,76.0
46,l60_cp2_2,60,cp2,cp2_l60,cp1,cp1_l60,2025-08-16 08:49:00,08:49,2025-08-16 08:49:00,8.818715012755286,0.07228557087864258,17.40464224040435,0.0,65.0
47,l60_cp2_4,60,cp2,cp2_l60,cp1,cp1_l60,2025-08-16 11:25:00,11:25,2025-08-16 11:25:00,11.428934262915341,0.04546437029077231,21.104032374387252,156.0,54.0
48,l60_cp2_6,60,cp2,cp2_l60,cp1,cp1_l60,2025-08-16 12:26:00,12:26,2025-08-16 12:26:00,12.43375906629256,0.07715471801353466,16.733051316921337,61.0,68.0
49,l60_cp2_8,60,cp2,cp2_l60,cp1,cp1_l60,2025-08-16 17:14:00,17:14,2025-08-16 17:14:00,17.244348510241327,0.07370563736848586,17.208775543650223,288.0,66.0
50,l60_cp2_10,60,cp2,cp2_l60,cp1,cp1_l60,2025-08-16 18:33:00,18:33,2025-08-16 18:33:00,18.56146651369207,0.08971963150379557,15.0,79.0,76.0
51,l60_cp2_12,60,cp2,cp2_l60,cp1,cp1_l60,2025-08-16 21:10:00,21:10,2025-08-16 21:10:00,21.166666666666668,0.036902266802098536,22.28498477315739,157.0,51.0
