trip_id,line,start_cp,start_cp_id,dest_cp,dest_cp_id,departure_time,departure_time_str,datetime_obj,datetime_float,pdf,speed,departure_interval,planned_travel_time,covered
l4_cp1_1,4,cp1,cp1_l4,cp2,cp2_l4,2025-08-16 05:49:00,05:49,2025-08-16 05:49:00,5.833333333333333,0.057384656442490016,19.996434420997517,0.0,72.0,True
l4_cp1_3,4,cp1,cp1_l4,cp2,cp2_l4,2025-08-16 06:27:00,06:27,2025-08-16 06:27:00,6.464502633777632,0.08382925713279996,17.285032032779885,38.0,83.0,True
l4_cp1_5,4,cp1,cp1_l4,cp2,cp2_l4,2025-08-16 07:44:00,07:44,2025-08-16 07:44:00,7.741312029651728,0.10501687150319007,15.112635902572457,77.0,95.0,True
l4_cp1_7,4,cp1,cp1_l4,cp2,cp2_l4,2025-08-16 11:23:00,11:23,2025-08-16 11:23:00,11.38649538158352,0.04167199569164903,21.607475797042753,219.0,67.0,True
l4_cp1_9,4,cp1,cp1_l4,cp2,cp2_l4,2025-08-16 11:46:00,11:46,2025-08-16 11:46:00,11.773847365855913,0.07615387331366763,18.072000013934094,23.0,80.0,True
l4_cp1_11,4,cp1,cp1_l4,cp2,cp2_l4,2025-08-16 11:56:00,11:56,2025-08-16 11:56:00,11.933778573554859,0.08495585395087406,17.169520464318055,10.0,84.0,True
l4_cp1_13,4,cp1,cp1_l4,cp2,cp2_l4,2025-08-16 12:26:00,12:26,2025-08-16 12:26:00,12.441924550356156,0.07676918781453265,18.00891094608662,30.0,80.0,True
l4_cp1_15,4,cp1,cp1_l4,cp2,cp2_l4,2025-08-16 14:27:00,14:27,2025-08-16 14:27:00,14.463354419578124,0.012262234470399312,24.622900296964453,121.0,58.0,True
l4_cp1_17,4,cp1,cp1_l4,cp2,cp2_l4,2025-08-16 16:34:00,16:34,2025-08-16 16:34:00,16.569498317214347,0.056334509084430585,20.104107517973645,127.0,72.0,True
l4_cp1_19,4,cp1,cp1_l4,cp2,cp2_l4,2025-08-16 16:54:00,16:54,2025-08-16 16:54:00,16.906849701208653,0.06535904828849781,19.17880872306926,20.0,75.0,True
l4_cp1_21,4,cp1,cp1_l4,cp2,cp2_l4,2025-08-16 18:10:00,18:10,2025-08-16 18:10:00,18.17186500517081,0.0885619933980141,16.799777875888495,76.0,86.0,True
l4_cp1_23,4,cp1,cp1_l4,cp2,cp2_l4,2025-08-16 18:40:00,18:40,2025-08-16 18:40:00,18.67764598893359,0.0894086207791788,16.712971970588455,30.0,86.0,True
l4_cp1_25,4,cp1,cp1_l4,cp2,cp2_l4,2025-08-16 19:35:00,19:35,2025-08-16 19:35:00,19.59342335548774,0.07730162981931926,17.954318912715706,55.0,80.0,True
l4_cp1_27,4,cp1,cp1_l4,cp2,cp2_l4,2025-08-16 21:42:00,21:42,2025-08-16 21:42:00,21.70958550097998,0.024766253560416226,23.34084549795159,127.0,62.0,True
l4_cp1_29,4,cp1,cp1_l4,cp2,cp2_l4,2025-08-16 22:04:00,22:04,2025-08-16 22:04:00,22.071283074366878,0.018227000147630196,24.011324418326637,22.0,60.0,True
l4_cp2_2,4,cp2,cp2_l4,cp1,cp1_l4,2025-08-16 06:10:00,06:10,2025-08-16 06:10:00,6.176361914397233,0.07207618092595988,18.49009159368326,0.0,78.0,True
l4_cp2_4,4,cp2,cp2_l4,cp1,cp1_l4,2025-08-16 07:23:00,07:23,2025-08-16 07:23:00,7.393221687140868,0.10611542164088442,15.0,73.0,96.0,True
l4_cp2_6,4,cp2,cp2_l4,cp1,cp1_l4,2025-08-16 10:44:00,10:44,2025-08-16 10:44:00,10.738813893353491,0.013703257027228254,24.475150211878343,201.0,59.0,True
l4_cp2_8,4,cp2,cp2_l4,cp1,cp1_l4,2025-08-16 11:42:00,11:42,2025-08-16 11:42:00,11.710616794577113,0.07127088393021992,18.572659835988915,58.0,78.0,True
l4_cp2_10,4,cp2,cp2_l4,cp1,cp1_l4,2025-08-16 11:48:00,11:48,2025-08-16 11:48:00,11.81408912992956,0.07889154375294945,17.791302783745188,6.0,81.0,True
l4_cp2_12,4,cp2,cp2_l4,cp1,cp1_l4,2025-08-16 12:04:00,12:04,2025-08-16 12:04:00,12.079512915683445,0.08763919204955165,16.894394006015517,16.0,85.0,True
l4_cp2_14,4,cp2,cp2_l4,cp1,cp1_l4,2025-08-16 14:23:00,14:23,2025-08-16 14:23:00,14.391678731484214,0.011717692398314938,24.678732967384605,139.0,58.0,True
l4_cp2_16,4,cp2,cp2_l4,cp1,cp1_l4,2025-08-16 14:50:00,14:50,2025-08-16 14:50:00,14.837734200103302,0.016834743125838113,24.154074503990937,27.0,60.0,True
l4_cp2_18,4,cp2,cp2_l4,cp1,cp1_l4,2025-08-16 16:44:00,16:44,2025-08-16 16:44:00,16.7362116362248,0.06084278275200203,19.641867829345223,114.0,73.0,True
l4_cp2_20,4,cp2,cp2_l4,cp1,cp1_l4,2025-08-16 18:07:00,18:07,2025-08-16 18:07:00,18.121942338027935,0.08817257023214652,16.8397059850071,83.0,86.0,True
l4_cp2_22,4,cp2,cp2_l4,cp1,cp1_l4,2025-08-16 18:14:00,18:14,2025-08-16 18:14:00,18.24496822402952,0.08903519296672122,16.751260053452018,7.0,86.0,True
l4_cp2_24,4,cp2,cp2_l4,cp1,cp1_l4,2025-08-16 19:24:00,19:24,2025-08-16 19:24:00,19.40830172782484,0.08096649000273891,17.578555603971594,70.0,82.0,True
l4_cp2_26,4,cp2,cp2_l4,cp1,cp1_l4,2025-08-16 19:39:00,19:39,2025-08-16 19:39:00,19.655898512182468,0.07595561812672995,18.092327399234197,15.0,80.0,True
l4_cp2_28,4,cp2,cp2_l4,cp1,cp1_l4,2025-08-16 21:58:00,21:58,2025-08-16 21:58:00,21.983142768136965,0.019700153470545986,23.86027992025531,139.0,60.0,True
l4_cp2_30,4,cp2,cp2_l4,cp1,cp1_l4,2025-08-16 22:49:00,22:49,2025-08-16 22:49:00,22.833333333333332,0.008584340288944054,25.0,51.0,58.0,True
l59_cp1_1,59,cp1,cp1_l59,cp2,cp2_l59,2025-08-16 06:40:00,06:40,2025-08-16 06:40:00,6.666666666666667,0.09117128069041198,17.327612038473884,0.0,39.0,True
l59_cp1_3,59,cp1,cp1_l59,cp2,cp2_l59,2025-08-16 07:30:00,07:30,2025-08-16 07:30:00,7.502343022493302,0.10638450271229365,15.0,50.0,46.0,True
l59_cp1_5,59,cp1,cp1_l59,cp2,cp2_l59,2025-08-16 09:34:00,09:34,2025-08-16 09:34:00,9.570873146096744,0.04102471864855285,25.0,124.0,27.0,True
l59_cp1_7,59,cp1,cp1_l59,cp2,cp2_l59,2025-08-16 11:59:00,11:59,2025-08-16 11:59:00,11.986006215910287,0.08652197541177788,18.038952405525887,145.0,38.0,True
l59_cp1_9,59,cp1,cp1_l59,cp2,cp2_l59,2025-08-16 18:50:00,18:50,2025-08-16 18:50:00,18.842158894638768,0.08845799268071283,17.74274315442939,411.0,39.0,True
l59_cp2_2,59,cp2,cp2_l59,cp1,cp1_l59,2025-08-16 07:28:00,07:28,2025-08-16 07:28:00,7.482290214469135,0.10637721675650756,15.001114746000228,0.0,46.0,True
l59_cp2_4,59,cp2,cp2_l59,cp1,cp1_l59,2025-08-16 07:53:00,07:53,2025-08-16 07:53:00,7.888380830869371,0.10287777691459192,15.536526527425774,25.0,44.0,True
l59_cp2_6,59,cp2,cp2_l59,cp1,cp1_l59,2025-08-16 11:49:00,11:49,2025-08-16 11:49:00,11.827428217927947,0.07972716222494917,19.078553940959697,236.0,36.0,True
l59_cp2_8,59,cp2,cp2_l59,cp1,cp1_l59,2025-08-16 17:25:00,17:25,2025-08-16 17:25:00,17.431608203367762,0.07782628600622137,19.369386636623748,336.0,35.0,True
l59_cp2_10,59,cp2,cp2_l59,cp1,cp1_l59,2025-08-16 19:49:00,19:49,2025-08-16 19:49:00,19.833333333333332,0.0718758012425295,20.279806529977247,144.0,34.0,True
l60_cp1_1,60,cp1,cp1_l60,cp2,cp2_l60,2025-08-16 06:00:00,06:00,2025-08-16 06:00:00,6.0,0.06452552683408863,21.02442069297097,0.0,54.0,True
l60_cp1_3,60,cp1,cp1_l60,cp2,cp2_l60,2025-08-16 06:37:00,06:37,2025-08-16 06:37:00,6.619293007218679,0.08954089200946327,17.424173363951088,37.0,65.0,True
l60_cp1_5,60,cp1,cp1_l60,cp2,cp2_l60,2025-08-16 07:30:00,07:30,2025-08-16 07:30:00,7.500761589281065,0.10638461867758683,15.0,53.0,76.0,True
l60_cp1_7,60,cp1,cp1_l60,cp2,cp2_l60,2025-08-16 12:31:00,12:31,2025-08-16 12:31:00,12.51762503311137,0.07315790335833994,19.782036649937936,301.0,58.0,True
l60_cp1_9,60,cp1,cp1_l60,cp2,cp2_l60,2025-08-16 12:52:00,12:52,2025-08-16 12:52:00,12.88053414701566,0.05759896995501023,22.021300719641733,21.0,52.0,True
l60_cp1_11,60,cp1,cp1_l60,cp2,cp2_l60,2025-08-16 18:13:00,18:13,2025-08-16 18:13:00,18.222835290696512,0.08890419546593355,17.515807646088035,321.0,65.0,True
l60_cp2_2,60,cp2,cp2_l60,cp1,cp1_l60,2025-08-16 06:06:00,06:06,2025-08-16 06:06:00,6.1002050224363975,0.06882953332536315,20.404981889433166,0.0,56.0,True
l60_cp2_4,60,cp2,cp2_l60,cp1,cp1_l60,2025-08-16 07:26:00,07:26,2025-08-16 07:26:00,7.449653989487235,0.10632472267793534,15.008620318402407,80.0,76.0,True
l60_cp2_6,60,cp2,cp2_l60,cp1,cp1_l60,2025-08-16 08:16:00,08:16,2025-08-16 08:16:00,8.273148539641305,0.09315154384519259,16.904523159507868,50.0,67.0,True
l60_cp2_8,60,cp2,cp2_l60,cp1,cp1_l60,2025-08-16 12:45:00,12:45,2025-08-16 12:45:00,12.76470354211977,0.06218273561121996,21.361598574782874,269.0,53.0,True
l60_cp2_10,60,cp2,cp2_l60,cp1,cp1_l60,2025-08-16 17:11:00,17:11,2025-08-16 17:11:00,17.191859159368295,0.07247616961741347,19.880152750289305,266.0,57.0,True
l60_cp2_12,60,cp2,cp2_l60,cp1,cp1_l60,2025-08-16 21:10:00,21:10,2025-08-16 21:10:00,21.166666666666668,0.036902266802098536,25.0,239.0,46.0,True
