Iteration,Experiment,Time,Objective,Columns,Difference,RMP_time,Graph_time,SPFA_time,Label_time,Filter_time,Iteration_time
001,11_pop200,2025-10-29 03:00:50,154425.89,1542,1000000.0,0.4826,0.1233,8.1114,0.0085,0.0085,8.7348
002,11_pop200,2025-10-29 03:00:50,152047.24,1565,2378.65,0.7748,0.1271,7.9024,0.0105,0.0105,8.8159
003,11_pop200,2025-10-29 03:00:50,149880.45,1588,2166.79,0.571,0.1077,9.0182,0.008,0.008,9.705
004,11_pop200,2025-10-29 03:00:50,147478.84,1608,2401.61,0.5925,0.1226,10.2907,0.0,0.0,11.0082
005,11_pop200,2025-10-29 03:00:50,145785.96,1633,1692.88,0.6409,0.1143,9.5749,0.0052,0.0052,10.3364
006,11_pop200,2025-10-29 03:00:50,143527.39,1654,2258.57,0.7056,0.1338,11.3978,0.007,0.007,12.2462
007,11_pop200,2025-10-29 03:00:50,141995.5,1672,1531.89,0.6036,0.1325,10.4367,0.0138,0.0138,11.191
008,11_pop200,2025-10-29 03:00:50,140770.34,1695,1225.15,0.7028,0.1385,9.4217,0.0083,0.0083,10.2792
009,11_pop200,2025-10-29 03:00:50,139200.7,1719,1569.64,0.7056,0.1402,10.9145,0.002,0.002,11.7623
010,11_pop200,2025-10-29 03:00:50,137996.44,1735,1204.26,0.8097,0.18,10.0438,0.0118,0.0118,11.0463
011,11_pop200,2025-10-29 03:00:50,137068.1,1761,928.34,0.6734,0.1139,13.1888,0.013,0.013,14.0051
012,11_pop200,2025-10-29 03:00:50,135806.54,1791,1261.56,0.7187,0.1177,9.9681,0.004,0.004,10.8085
013,11_pop200,2025-10-29 03:00:50,134677.36,1816,1129.18,0.7735,0.1194,9.5041,0.0104,0.0104,10.4073
014,11_pop200,2025-10-29 03:00:50,133546.77,1848,1130.58,0.9997,0.1359,9.6396,0.0076,0.0076,10.7945
015,11_pop200,2025-10-29 03:00:50,132276.27,1882,1270.5,0.7785,0.1164,10.7301,0.0,0.0,11.625
016,11_pop200,2025-10-29 03:00:50,131527.11,1904,749.17,0.8315,0.1417,10.8854,0.0115,0.0115,11.8701
017,11_pop200,2025-10-29 03:00:50,130225.32,1931,1301.78,0.8231,0.1519,10.3721,0.008,0.008,11.362
018,11_pop200,2025-10-29 03:00:50,129361.58,1950,863.75,0.7752,0.1188,9.9911,0.0159,0.0159,10.903
019,11_pop200,2025-10-29 03:00:50,128634.43,1970,727.15,0.7601,0.1502,10.7841,0.0137,0.0137,11.7097
020,11_pop200,2025-10-29 03:00:50,127943.54,1991,690.89,0.8363,0.1133,9.7249,0.0068,0.0068,10.6837
021,11_pop200,2025-10-29 03:00:50,127314.54,2015,629.0,0.7509,0.1332,10.604,0.0039,0.0039,11.495
022,11_pop200,2025-10-29 03:00:50,126436.59,2033,877.95,0.8015,0.1181,11.4299,0.0112,0.0112,12.3612
023,11_pop200,2025-10-29 03:00:50,125636.29,2057,800.3,1.0298,0.0996,10.36,0.0098,0.0098,11.5027
024,11_pop200,2025-10-29 03:00:50,124975.16,2079,661.14,0.9895,0.1908,10.6766,0.0114,0.0114,11.8718
025,11_pop200,2025-10-29 03:00:50,124101.26,2096,873.9,0.8662,0.1134,9.2278,0.0098,0.0098,10.2172
026,11_pop200,2025-10-29 03:00:50,123291.65,2121,809.61,0.899,0.1171,10.1388,0.0132,0.0132,11.1746
027,11_pop200,2025-10-29 03:00:50,122497.2,2141,794.45,0.9758,0.1472,9.9904,0.0108,0.0108,11.1246
028,11_pop200,2025-10-29 03:00:50,121864.89,2166,632.3,0.9881,0.1218,12.4614,0.007,0.007,13.5803
029,11_pop200,2025-10-29 03:00:50,121113.83,2192,751.06,1.1031,0.2069,11.0758,0.0082,0.0082,12.3979
030,11_pop200,2025-10-29 03:00:50,120568.05,2210,545.78,1.1349,0.1663,9.7211,0.0123,0.0123,11.0386
031,11_pop200,2025-10-29 03:00:50,121240.23,2220,672.17,0.8609,0.114,8.3341,0.0092,0.0092,9.3212
032,11_pop200,2025-10-29 03:00:50,120811.23,2246,429.0,0.9463,0.1057,9.2579,0.0102,0.0102,10.321
033,11_pop200,2025-10-29 03:00:50,120172.2,2272,639.03,1.0763,0.1155,10.3819,0.0067,0.0067,11.5815
034,11_pop200,2025-10-29 03:00:50,119693.59,2306,478.6,0.9865,0.1225,9.0726,0.0194,0.0194,10.2049
035,11_pop200,2025-10-29 03:00:50,119239.56,2335,454.03,1.3325,0.1163,9.1791,0.0123,0.0123,10.6422
036,11_pop200,2025-10-29 03:00:50,118865.74,2357,373.82,0.96,0.1089,9.0611,0.0103,0.0103,10.1413
037,11_pop200,2025-10-29 03:00:50,118518.61,2385,347.13,1.0544,0.1733,9.3352,0.0151,0.0151,10.5806
038,11_pop200,2025-10-29 03:00:50,118237.31,2400,281.31,1.0583,0.1195,8.9883,0.0162,0.0162,10.1843
039,11_pop200,2025-10-29 03:00:50,117879.47,2428,357.83,1.1309,0.1229,9.6586,0.0153,0.0153,10.9298
040,11_pop200,2025-10-29 03:00:50,117554.29,2454,325.18,1.1192,0.1432,8.7552,0.0072,0.0072,10.0278
041,11_pop200,2025-10-29 03:00:50,118056.61,2474,502.32,1.0517,0.1222,8.4823,0.0092,0.0092,9.6673
042,11_pop200,2025-10-29 03:00:50,117538.12,2502,518.49,1.113,0.1095,9.3961,0.0071,0.0071,10.6277
043,11_pop200,2025-10-29 03:00:50,117113.62,2518,424.51,1.0862,0.1338,8.5496,0.0091,0.0091,9.7813
044,11_pop200,2025-10-29 03:00:50,116762.39,2535,351.23,1.0575,0.1803,9.0993,0.0114,0.0114,10.353
045,11_pop200,2025-10-29 03:00:50,116313.17,2565,449.22,1.1682,0.1125,10.6661,0.0071,0.0071,11.956
046,11_pop200,2025-10-29 03:00:50,115915.15,2587,398.02,1.2764,0.1254,10.4305,0.0082,0.0082,11.8424
047,11_pop200,2025-10-29 03:00:50,115445.82,2608,469.33,1.0842,0.1155,8.694,0.0082,0.0082,9.9038
048,11_pop200,2025-10-29 03:00:50,115089.58,2627,356.24,1.1068,0.1095,9.8102,0.0112,0.0112,11.041
049,11_pop200,2025-10-29 03:00:50,114698.31,2650,391.28,1.3052,0.1115,9.7786,0.0092,0.0092,11.2055
050,11_pop200,2025-10-29 03:00:50,114263.5,2670,434.8,1.2013,0.1165,8.3487,0.0091,0.0091,9.6806
051,11_pop200,2025-10-29 03:00:50,114981.78,2685,718.27,1.1064,0.1083,9.3463,0.0093,0.0093,10.5744
052,11_pop200,2025-10-29 03:00:50,114534.82,2717,446.95,1.216,0.1448,9.0943,0.0072,0.0072,10.4695
053,11_pop200,2025-10-29 03:00:50,114064.48,2731,470.35,1.2761,0.1123,7.6822,0.0082,0.0082,9.0799
054,11_pop200,2025-10-29 03:00:50,113739.32,2745,325.15,1.2223,0.1751,8.6974,0.0082,0.0082,10.105
055,11_pop200,2025-10-29 03:00:50,113493.6,2776,245.72,1.3473,0.1255,10.3458,0.006,0.006,11.8276
056,11_pop200,2025-10-29 03:00:50,113274.92,2807,218.68,1.1637,0.1086,10.0537,0.0092,0.0092,11.3415
057,11_pop200,2025-10-29 03:00:50,113052.43,2833,222.49,1.2887,0.1027,8.3245,0.0062,0.0062,9.7272
058,11_pop200,2025-10-29 03:00:50,112746.16,2861,306.28,1.5086,0.1108,9.7251,0.0102,0.0102,11.3578
059,11_pop200,2025-10-29 03:00:50,112518.75,2894,227.4,1.394,0.1383,9.1554,0.0072,0.0072,10.6998
060,11_pop200,2025-10-29 03:00:50,112320.29,2929,198.47,1.3462,0.102,9.4186,0.0071,0.0071,10.8749
061,11_pop200,2025-10-29 03:00:50,113243.4,2944,923.12,1.2805,0.1576,6.6989,0.0101,0.0101,8.1497
062,11_pop200,2025-10-29 03:00:50,112561.12,2969,682.28,1.3819,0.1053,7.8776,0.0121,0.0121,9.3789
063,11_pop200,2025-10-29 03:00:50,112261.38,2995,299.74,1.4438,0.1275,8.7671,0.0133,0.0133,10.3579
064,11_pop200,2025-10-29 03:00:50,112006.97,3021,254.41,1.478,0.1004,9.1362,0.011,0.011,10.7297
065,11_pop200,2025-10-29 03:00:50,111854.61,3045,152.36,1.2569,0.0985,9.1427,0.0163,0.0163,10.5183
066,11_pop200,2025-10-29 03:00:50,111659.27,3062,195.34,1.1176,0.1104,8.6583,0.0082,0.0082,9.8954
067,11_pop200,2025-10-29 03:00:50,111522.45,3088,136.82,1.166,0.0999,8.9917,0.004,0.004,10.2656
068,11_pop200,2025-10-29 03:00:50,111414.07,3111,108.38,1.2407,0.1564,8.345,0.0092,0.0092,9.7551
069,11_pop200,2025-10-29 03:00:50,111316.43,3140,97.64,1.3756,0.1982,9.4884,0.0092,0.0092,11.0767
070,11_pop200,2025-10-29 03:00:50,111219.33,3160,97.1,1.3426,0.1043,9.8414,0.0062,0.0062,11.2985
071,11_pop200,2025-10-29 03:00:50,111481.8,3185,262.47,1.2245,0.1501,7.5925,0.0052,0.0052,8.9763
072,11_pop200,2025-10-29 03:00:50,111334.89,3205,146.91,1.2154,0.1015,8.9726,0.0092,0.0092,10.3027
073,11_pop200,2025-10-29 03:00:50,111131.42,3223,203.47,1.5249,0.1686,9.635,0.0097,0.0097,11.3418
074,11_pop200,2025-10-29 03:00:50,111015.42,3248,116.01,1.3949,0.0962,7.4239,0.0092,0.0092,8.9277
075,11_pop200,2025-10-29 03:00:50,110912.4,3286,103.02,1.4274,0.155,10.8378,0.0082,0.0082,12.4356
076,11_pop200,2025-10-29 03:00:50,110836.14,3308,76.26,1.3831,0.1121,8.7252,0.0063,0.0063,10.2305
077,11_pop200,2025-10-29 03:00:50,110694.08,3336,142.06,1.4592,0.1114,9.8737,0.0091,0.0091,11.4564
078,11_pop200,2025-10-29 03:00:50,110615.65,3358,78.43,1.3834,0.14,8.6473,0.0072,0.0072,10.1804
079,11_pop200,2025-10-29 03:00:50,110486.14,3395,129.51,1.4413,0.1205,9.3005,0.0071,0.0071,10.873
080,11_pop200,2025-10-29 03:00:50,110270.24,3430,215.9,1.437,0.0971,9.2811,0.0092,0.0092,10.8258
081,11_pop200,2025-10-29 03:00:50,110591.52,3463,321.27,1.7861,0.132,7.8801,0.0071,0.0071,9.8085
082,11_pop200,2025-10-29 03:00:50,110328.55,3489,262.97,1.4515,0.1238,8.2246,0.0133,0.0133,9.8164
083,11_pop200,2025-10-29 03:00:50,110194.27,3512,134.28,1.4753,0.1569,8.1623,0.007,0.007,9.8046
084,11_pop200,2025-10-29 03:00:50,110076.3,3533,117.97,1.4605,0.1335,8.6878,0.0071,0.0071,10.2945
085,11_pop200,2025-10-29 03:00:50,110003.67,3552,72.63,1.7195,0.1577,8.6194,0.0062,0.0062,10.5079
086,11_pop200,2025-10-29 03:00:50,109940.21,3589,63.46,1.5978,0.1073,9.4596,0.0112,0.0112,11.1789
087,11_pop200,2025-10-29 03:00:50,109805.45,3625,134.77,1.6357,0.1533,10.4481,0.0121,0.0121,12.2533
088,11_pop200,2025-10-29 03:00:50,109680.82,3649,124.63,1.5204,0.1284,9.6862,0.0092,0.0092,11.3493
089,11_pop200,2025-10-29 03:00:50,109616.38,3677,64.44,1.592,0.0933,8.979,0.0062,0.0062,10.6736
090,11_pop200,2025-10-29 03:00:50,109506.16,3709,110.22,1.4214,0.0935,10.031,0.0072,0.0072,11.557
091,11_pop200,2025-10-29 03:00:50,110258.35,3722,752.19,1.7118,0.0952,7.6672,0.009,0.009,9.4886
092,11_pop200,2025-10-29 03:00:50,109905.72,3749,352.63,1.7102,0.095,8.6135,0.0081,0.0081,10.4289
093,11_pop200,2025-10-29 03:00:50,109667.38,3778,238.34,1.5834,0.0909,8.7179,0.0093,0.0093,10.4056
094,11_pop200,2025-10-29 03:00:50,109405.3,3811,262.07,1.5683,0.1133,8.3671,0.0121,0.0121,10.0649
095,11_pop200,2025-10-29 03:00:50,109333.31,3829,72.0,1.7537,0.1196,8.1135,0.0062,0.0062,9.998
096,11_pop200,2025-10-29 03:00:50,109237.23,3863,96.07,1.7507,0.1101,9.0039,0.0062,0.0062,10.8739
097,11_pop200,2025-10-29 03:00:50,109114.89,3893,122.34,1.7383,0.0879,10.7441,0.0099,0.0099,12.5855
098,11_pop200,2025-10-29 03:00:50,109055.02,3911,59.88,1.7887,0.0903,8.5477,0.0092,0.0092,10.4394
099,11_pop200,2025-10-29 03:00:50,108940.27,3935,114.74,1.6451,0.1167,9.3157,0.0101,0.0101,11.0901
100,11_pop200,2025-10-29 03:00:50,108855.34,3955,84.94,1.8016,0.0944,8.1802,0.0082,0.0082,10.0884
