Iteration,Experiment,Time,Objective,Columns,Difference,RMP_time,Graph_time,SPFA_time,Label_time,Filter_time,Iteration_time
001,13_pop200,2025-10-29 03:37:34,154887.38,1506,1000000.0,0.4935,0.1575,8.4829,0.0172,0.0172,9.1552
002,13_pop200,2025-10-29 03:37:34,150898.97,1531,3988.41,0.51,0.1082,8.1015,0.0402,0.0402,8.7645
003,13_pop200,2025-10-29 03:37:34,148513.2,1554,2385.77,0.6862,0.1422,8.5451,0.0082,0.0082,9.3837
004,13_pop200,2025-10-29 03:37:34,146090.27,1581,2422.93,0.5403,0.1411,12.0323,0.0123,0.0123,12.7292
005,13_pop200,2025-10-29 03:37:34,143992.3,1594,2097.97,0.5784,0.1134,9.228,0.0093,0.0093,9.9301
006,13_pop200,2025-10-29 03:37:34,142701.9,1619,1290.4,0.6978,0.1122,9.6289,0.0062,0.0062,10.4481
007,13_pop200,2025-10-29 03:37:34,140503.73,1656,2198.17,0.5873,0.1146,9.1505,0.0161,0.0161,9.8706
008,13_pop200,2025-10-29 03:37:34,139199.4,1669,1304.32,0.5998,0.1184,9.8306,0.0112,0.0112,10.56
009,13_pop200,2025-10-29 03:37:34,138071.4,1690,1128.01,0.652,0.1173,9.6112,0.0081,0.0081,10.3906
010,13_pop200,2025-10-29 03:37:34,136574.33,1707,1497.07,0.6403,0.1195,9.8444,0.0112,0.0112,10.6175
011,13_pop200,2025-10-29 03:37:34,135299.56,1721,1274.77,0.6859,0.1429,8.2538,0.0141,0.0141,9.0987
012,13_pop200,2025-10-29 03:37:34,133927.91,1740,1371.65,0.6321,0.1097,7.8321,0.0121,0.0121,8.5887
013,13_pop200,2025-10-29 03:37:34,132802.48,1760,1125.43,0.7184,0.1198,7.9208,0.0212,0.0212,8.7833
014,13_pop200,2025-10-29 03:37:34,131779.12,1779,1023.36,0.7327,0.1229,8.2814,0.0142,0.0142,9.1512
015,13_pop200,2025-10-29 03:37:34,130652.73,1794,1126.39,0.6854,0.1053,7.3262,0.0081,0.0081,8.129
016,13_pop200,2025-10-29 03:37:34,129467.62,1811,1185.12,0.6387,0.1073,8.51,0.005,0.005,9.2631
017,13_pop200,2025-10-29 03:37:34,128723.5,1835,744.12,0.6787,0.1803,7.8875,0.0141,0.0141,8.7626
018,13_pop200,2025-10-29 03:37:34,127799.56,1858,923.94,0.8664,0.168,10.9337,0.0122,0.0122,11.9833
019,13_pop200,2025-10-29 03:37:34,126851.0,1877,948.56,0.7386,0.1204,9.8361,0.0082,0.0082,10.7054
020,13_pop200,2025-10-29 03:37:34,125979.13,1900,871.87,0.8159,0.1367,10.3284,0.0152,0.0152,11.2984
021,13_pop200,2025-10-29 03:37:34,125787.45,1929,191.68,0.7045,0.1164,8.9335,0.0082,0.0082,9.7651
022,13_pop200,2025-10-29 03:37:34,124879.6,1952,907.85,0.8346,0.1083,9.2327,0.0132,0.0132,10.1908
023,13_pop200,2025-10-29 03:37:34,124305.55,1972,574.05,0.7598,0.1133,7.7997,0.0133,0.0133,8.6891
024,13_pop200,2025-10-29 03:37:34,123923.69,1997,381.86,0.8693,0.1287,8.5711,0.0113,0.0113,9.5993
025,13_pop200,2025-10-29 03:37:34,123431.5,2025,492.19,0.9123,0.1481,9.033,0.0086,0.0086,10.1033
026,13_pop200,2025-10-29 03:37:34,122807.54,2044,623.95,0.8696,0.1163,10.6077,0.0072,0.0072,11.6033
027,13_pop200,2025-10-29 03:37:34,122377.2,2063,430.34,0.9253,0.139,8.7869,0.005,0.005,9.8581
028,13_pop200,2025-10-29 03:37:34,121946.11,2091,431.09,0.9592,0.1367,9.4097,0.0091,0.0091,10.5179
029,13_pop200,2025-10-29 03:37:34,121353.17,2107,592.94,0.9288,0.1144,8.4423,0.005,0.005,9.4947
030,13_pop200,2025-10-29 03:37:34,120971.61,2125,381.57,0.9616,0.1196,8.2797,0.0092,0.0092,9.3733
031,13_pop200,2025-10-29 03:37:34,121349.69,2146,378.09,0.9563,0.1276,8.1332,0.0111,0.0111,9.2302
032,13_pop200,2025-10-29 03:37:34,120729.82,2166,619.87,0.8473,0.1064,8.9695,0.0071,0.0071,9.9344
033,13_pop200,2025-10-29 03:37:34,120362.22,2187,367.6,0.9435,0.1145,7.7607,0.0081,0.0081,8.8289
034,13_pop200,2025-10-29 03:37:34,119785.82,2204,576.4,1.0331,0.1113,9.5595,0.0161,0.0161,10.721
035,13_pop200,2025-10-29 03:37:34,119386.79,2239,399.04,0.9215,0.1246,9.2576,0.0112,0.0112,10.3179
036,13_pop200,2025-10-29 03:37:34,118841.82,2265,544.97,0.9061,0.123,8.7615,0.0081,0.0081,9.8027
037,13_pop200,2025-10-29 03:37:34,118512.58,2288,329.24,0.9107,0.1864,9.6289,0.006,0.006,10.734
038,13_pop200,2025-10-29 03:37:34,117828.81,2310,683.77,1.0046,0.1255,9.298,0.005,0.005,10.4351
039,13_pop200,2025-10-29 03:37:34,117407.46,2331,421.35,1.1256,0.1172,8.3338,0.0092,0.0092,9.5892
040,13_pop200,2025-10-29 03:37:34,117126.22,2348,281.24,1.2128,0.1291,8.3539,0.0082,0.0082,9.708
041,13_pop200,2025-10-29 03:37:34,117169.99,2365,43.77,1.022,0.1345,7.7357,0.0203,0.0203,8.9167
042,13_pop200,2025-10-29 03:37:34,116845.71,2400,324.28,1.0675,0.1296,7.8313,0.0081,0.0081,9.0397
043,13_pop200,2025-10-29 03:37:34,116461.37,2430,384.35,1.1938,0.1096,8.8628,0.012,0.012,10.1844
044,13_pop200,2025-10-29 03:37:34,116012.8,2451,448.57,1.1157,0.1062,11.2352,0.0147,0.0147,12.4739
045,13_pop200,2025-10-29 03:37:34,115727.92,2466,284.88,1.0916,0.1105,9.3174,0.0254,0.0254,10.5485
046,13_pop200,2025-10-29 03:37:34,115483.58,2480,244.34,1.0321,0.1118,7.8443,0.0133,0.0133,9.0035
047,13_pop200,2025-10-29 03:37:34,115177.57,2498,306.01,1.3702,0.1081,7.8981,0.0101,0.0101,9.3899
048,13_pop200,2025-10-29 03:37:34,114863.07,2521,314.5,1.141,0.1392,9.0857,0.0102,0.0102,10.379
049,13_pop200,2025-10-29 03:37:34,114645.76,2538,217.31,1.1811,0.1093,8.2713,0.0139,0.0139,9.5797
050,13_pop200,2025-10-29 03:37:34,114357.25,2567,288.5,1.1952,0.1126,10.5383,0.0134,0.0134,11.8647
051,13_pop200,2025-10-29 03:37:34,114416.68,2598,59.43,1.3477,0.1328,8.1765,0.0062,0.0062,9.6662
052,13_pop200,2025-10-29 03:37:34,114083.99,2626,332.69,1.154,0.1421,9.0405,0.0125,0.0125,10.3511
053,13_pop200,2025-10-29 03:37:34,113853.05,2650,230.94,1.2434,0.1323,10.0354,0.0071,0.0071,11.4213
054,13_pop200,2025-10-29 03:37:34,113546.46,2677,306.59,1.1721,0.1114,7.93,0.0107,0.0107,9.2296
055,13_pop200,2025-10-29 03:37:34,113351.82,2704,194.64,1.2661,0.1136,9.5831,0.0082,0.0082,10.9741
056,13_pop200,2025-10-29 03:37:34,113131.39,2731,220.44,1.3819,0.1617,8.6155,0.0092,0.0092,10.1723
057,13_pop200,2025-10-29 03:37:34,112956.36,2751,175.02,1.3141,0.1378,8.7748,0.0082,0.0082,10.2369
058,13_pop200,2025-10-29 03:37:34,112766.34,2780,190.02,1.3318,0.1204,10.995,0.007,0.007,12.4553
059,13_pop200,2025-10-29 03:37:34,112412.16,2799,354.18,1.4207,0.1225,9.9021,0.0112,0.0112,11.4982
060,13_pop200,2025-10-29 03:37:34,112091.84,2828,320.32,1.2559,0.1363,8.9791,0.0071,0.0071,10.3816
061,13_pop200,2025-10-29 03:37:34,112352.43,2848,260.59,1.3314,0.1173,9.3746,0.0091,0.0091,10.8344
062,13_pop200,2025-10-29 03:37:34,112086.88,2871,265.55,1.3721,0.1024,8.7163,0.0131,0.0131,10.2069
063,13_pop200,2025-10-29 03:37:34,111758.27,2898,328.61,1.2738,0.1056,9.3832,0.0061,0.0061,10.7711
064,13_pop200,2025-10-29 03:37:34,111570.28,2928,187.99,1.3304,0.1697,9.0382,0.01,0.01,10.5685
065,13_pop200,2025-10-29 03:37:34,111445.22,2950,125.06,1.4414,0.1114,9.5741,0.0081,0.0081,11.1361
066,13_pop200,2025-10-29 03:37:34,111281.47,2977,163.75,1.3882,0.1077,9.348,0.0111,0.0111,10.858
067,13_pop200,2025-10-29 03:37:34,111122.95,3008,158.52,1.5377,0.1185,8.9243,0.0072,0.0072,10.5918
068,13_pop200,2025-10-29 03:37:34,110950.81,3045,172.14,1.3208,0.1034,12.0541,0.0076,0.0076,13.4894
069,13_pop200,2025-10-29 03:37:34,110720.71,3072,230.1,1.2467,0.1095,11.4411,0.016,0.016,12.818
070,13_pop200,2025-10-29 03:37:34,110567.94,3091,152.77,1.2359,0.1052,10.259,0.0123,0.0123,11.6145
071,13_pop200,2025-10-29 03:37:34,111229.44,3113,661.5,1.242,0.1107,7.7007,0.0091,0.0091,9.0661
072,13_pop200,2025-10-29 03:37:34,110816.49,3139,412.95,1.3322,0.1032,8.8867,0.008,0.008,10.3333
073,13_pop200,2025-10-29 03:37:34,110595.35,3160,221.14,1.457,0.1051,8.6677,0.0071,0.0071,10.2401
074,13_pop200,2025-10-29 03:37:34,110390.12,3177,205.23,1.3095,0.0982,9.5284,0.0112,0.0112,10.9504
075,13_pop200,2025-10-29 03:37:34,110231.08,3202,159.04,1.3057,0.1267,8.984,0.0081,0.0081,10.4328
076,13_pop200,2025-10-29 03:37:34,110102.64,3234,128.44,1.3336,0.1078,10.035,0.0082,0.0082,11.4875
077,13_pop200,2025-10-29 03:37:34,109966.57,3257,136.07,1.3068,0.1579,11.6031,0.0092,0.0092,13.0813
078,13_pop200,2025-10-29 03:37:34,109821.63,3292,144.95,1.5601,0.1032,9.838,0.005,0.005,11.5103
079,13_pop200,2025-10-29 03:37:34,109719.56,3324,102.06,1.2925,0.1025,12.1636,0.0061,0.0061,13.5666
080,13_pop200,2025-10-29 03:37:34,109637.96,3348,81.6,1.5081,0.1014,10.208,0.0082,0.0082,11.8286
081,13_pop200,2025-10-29 03:37:34,110437.46,3366,799.5,1.4868,0.1286,7.4441,0.0113,0.0113,9.0737
082,13_pop200,2025-10-29 03:37:34,110057.58,3393,379.87,1.3571,0.1123,9.0256,0.0102,0.0102,10.5102
083,13_pop200,2025-10-29 03:37:34,109858.03,3419,199.55,1.8324,0.2527,9.4898,0.0081,0.0081,11.586
084,13_pop200,2025-10-29 03:37:34,109694.95,3440,163.08,1.3769,0.0971,11.2618,0.0102,0.0102,12.749
085,13_pop200,2025-10-29 03:37:34,109481.08,3459,213.87,1.4308,0.0951,9.9755,0.0124,0.0124,11.5159
086,13_pop200,2025-10-29 03:37:34,109386.91,3486,94.17,1.8187,0.1115,10.4275,0.0072,0.0072,12.3678
087,13_pop200,2025-10-29 03:37:34,109281.97,3512,104.94,1.5998,0.0971,9.9731,0.0062,0.0062,11.6792
088,13_pop200,2025-10-29 03:37:34,109220.58,3545,61.39,1.63,0.1016,10.8783,0.0092,0.0092,12.6221
089,13_pop200,2025-10-29 03:37:34,109098.58,3569,122.0,1.729,0.1031,10.7294,0.004,0.004,12.5726
090,13_pop200,2025-10-29 03:37:34,109033.48,3588,65.1,1.6131,0.0993,9.9518,0.0062,0.0062,11.6743
091,13_pop200,2025-10-29 03:37:34,109295.39,3613,261.91,1.4364,0.1426,10.469,0.0071,0.0071,12.0614
092,13_pop200,2025-10-29 03:37:34,109103.47,3638,191.92,1.4921,0.1146,9.5028,0.0052,0.0052,11.1196
093,13_pop200,2025-10-29 03:37:34,108964.65,3673,138.82,1.7797,0.1264,10.126,0.0081,0.0081,12.0432
094,13_pop200,2025-10-29 03:37:34,108880.27,3699,84.38,1.5217,0.1043,10.9516,0.0103,0.0103,12.5921
095,13_pop200,2025-10-29 03:37:34,108822.15,3724,58.11,1.7058,0.1286,10.0853,0.0081,0.0081,11.9319
096,13_pop200,2025-10-29 03:37:34,108778.87,3756,43.28,1.4964,0.1011,10.505,0.0111,0.0111,12.1167
097,13_pop200,2025-10-29 03:37:34,108737.18,3783,41.69,1.684,0.1052,9.95,0.0102,0.0102,11.7525
098,13_pop200,2025-10-29 03:37:34,108708.85,3810,28.33,1.8108,0.0921,10.1518,0.0072,0.0072,12.0649
099,13_pop200,2025-10-29 03:37:34,108671.44,3835,37.41,1.7919,0.1038,10.0171,0.0102,0.0102,11.925
100,13_pop200,2025-10-29 03:37:34,108594.65,3873,76.79,1.7762,0.1002,10.2368,0.0082,0.0082,12.1254
