Iteration,Experiment,Time,Objective,Columns,Difference,RMP_time,Graph_time,SPFA_time,Label_time,Filter_time,Iteration_time
001,18_pop200,2025-10-29 05:11:17,157137.54,1522,1000000.0,0.5085,0.1826,8.9333,0.008,0.008,9.656
002,18_pop200,2025-10-29 05:11:17,152004.03,1539,5133.51,0.4931,0.1085,8.8614,0.0154,0.0154,9.4813
003,18_pop200,2025-10-29 05:11:17,149398.72,1558,2605.31,0.5538,0.1182,8.9371,0.0081,0.0081,9.6193
004,18_pop200,2025-10-29 05:11:17,146048.89,1575,3349.83,0.5973,0.1184,8.3032,0.0134,0.0134,9.0343
005,18_pop200,2025-10-29 05:11:17,144363.81,1593,1685.08,0.6343,0.1335,8.9885,0.008,0.008,9.7663
006,18_pop200,2025-10-29 05:11:17,142973.16,1617,1390.65,0.7178,0.1872,9.6696,0.0132,0.0132,10.5914
007,18_pop200,2025-10-29 05:11:17,142187.24,1644,785.91,0.6527,0.1275,8.6629,0.0102,0.0102,9.4553
008,18_pop200,2025-10-29 05:11:17,140868.29,1663,1318.95,0.669,0.1629,11.1264,0.0101,0.0101,11.9706
009,18_pop200,2025-10-29 05:11:17,140164.76,1694,703.53,0.6245,0.1158,8.0841,0.0102,0.0102,8.8376
010,18_pop200,2025-10-29 05:11:17,138741.5,1715,1423.27,0.7017,0.1305,8.2946,0.0102,0.0102,9.1416
011,18_pop200,2025-10-29 05:11:17,137457.24,1743,1284.25,0.667,0.1245,9.0445,0.0111,0.0111,9.8504
012,18_pop200,2025-10-29 05:11:17,136007.53,1761,1449.71,0.7262,0.1174,9.8154,0.0092,0.0092,10.6702
013,18_pop200,2025-10-29 05:11:17,134952.33,1787,1055.2,0.7205,0.1163,9.0601,0.0121,0.0121,9.913
014,18_pop200,2025-10-29 05:11:17,133853.21,1800,1099.12,0.7473,0.1127,8.6794,0.0113,0.0113,9.5536
015,18_pop200,2025-10-29 05:11:17,133272.21,1823,581.0,0.7729,0.1305,8.1853,0.0121,0.0121,9.1028
016,18_pop200,2025-10-29 05:11:17,132039.2,1847,1233.01,0.6743,0.1196,7.91,0.0162,0.0162,8.7211
017,18_pop200,2025-10-29 05:11:17,130980.24,1869,1058.96,0.7733,0.1339,7.9582,0.0081,0.0081,8.8775
018,18_pop200,2025-10-29 05:11:17,129774.63,1887,1205.61,0.7137,0.2126,8.217,0.0151,0.0151,9.1614
019,18_pop200,2025-10-29 05:11:17,128496.21,1910,1278.43,0.7941,0.1175,10.1441,0.0111,0.0111,11.0688
020,18_pop200,2025-10-29 05:11:17,127754.12,1936,742.09,0.8654,0.1432,9.4378,0.0102,0.0102,10.4581
021,18_pop200,2025-10-29 05:11:17,128055.38,1962,301.26,0.9955,0.1294,9.7477,0.0121,0.0121,10.8867
022,18_pop200,2025-10-29 05:11:17,127526.66,1992,528.71,0.7188,0.1104,8.9421,0.0101,0.0101,9.7825
023,18_pop200,2025-10-29 05:11:17,126736.91,2014,789.75,0.7642,0.1247,7.9963,0.0102,0.0102,8.8994
024,18_pop200,2025-10-29 05:11:17,126194.97,2040,541.94,0.9559,0.1226,9.5942,0.0121,0.0121,10.6878
025,18_pop200,2025-10-29 05:11:17,125467.43,2073,727.54,0.8546,0.1157,8.8617,0.0132,0.0132,9.8471
026,18_pop200,2025-10-29 05:11:17,124585.63,2096,881.8,0.8357,0.1112,9.9821,0.0082,0.0082,10.9402
027,18_pop200,2025-10-29 05:11:17,124005.68,2121,579.95,0.8415,0.1204,9.4639,0.0072,0.0072,10.4371
028,18_pop200,2025-10-29 05:11:17,123424.91,2145,580.77,0.9032,0.1904,8.9434,0.007,0.007,10.048
029,18_pop200,2025-10-29 05:11:17,122956.78,2168,468.13,1.1374,0.1428,8.5781,0.0113,0.0113,9.8726
030,18_pop200,2025-10-29 05:11:17,122472.2,2186,484.58,0.9335,0.1519,8.3539,0.0142,0.0142,9.4561
031,18_pop200,2025-10-29 05:11:17,122274.0,2206,198.2,0.8762,0.1627,9.5871,0.0071,0.0071,10.6376
032,18_pop200,2025-10-29 05:11:17,121581.23,2232,692.77,1.0158,0.1145,9.8408,0.0061,0.0061,10.9812
033,18_pop200,2025-10-29 05:11:17,120674.45,2249,906.77,0.9899,0.1202,7.9099,0.007,0.007,9.0302
034,18_pop200,2025-10-29 05:11:17,120182.8,2276,491.66,1.0188,0.1075,9.2207,0.0082,0.0082,10.3571
035,18_pop200,2025-10-29 05:11:17,119698.43,2299,484.37,0.9714,0.1108,8.4082,0.0128,0.0128,9.5074
036,18_pop200,2025-10-29 05:11:17,119117.8,2331,580.62,1.011,0.1168,9.3375,0.0113,0.0113,10.4801
037,18_pop200,2025-10-29 05:11:17,118810.62,2351,307.18,1.0,0.1205,8.8468,0.0142,0.0142,9.9826
038,18_pop200,2025-10-29 05:11:17,118294.5,2372,516.12,1.0238,0.1166,9.7103,0.0081,0.0081,10.864
039,18_pop200,2025-10-29 05:11:17,117999.15,2389,295.34,1.1295,0.1487,9.5255,0.0059,0.0059,10.813
040,18_pop200,2025-10-29 05:11:17,117671.5,2415,327.66,1.0612,0.1159,10.8359,0.007,0.007,12.0231
041,18_pop200,2025-10-29 05:11:17,118681.42,2437,1009.93,1.0416,0.1181,7.8664,0.0081,0.0081,9.0367
042,18_pop200,2025-10-29 05:11:17,117647.62,2466,1033.81,1.1564,0.1193,8.7012,0.0082,0.0082,9.9881
043,18_pop200,2025-10-29 05:11:17,117225.06,2492,422.56,1.3351,0.1229,10.7761,0.0092,0.0092,12.2453
044,18_pop200,2025-10-29 05:11:17,116668.94,2521,556.12,1.1565,0.1727,8.8776,0.0111,0.0111,10.221
045,18_pop200,2025-10-29 05:11:17,116404.91,2551,264.03,1.204,0.1228,11.0115,0.0115,0.0115,12.353
046,18_pop200,2025-10-29 05:11:17,116170.51,2573,234.4,1.1686,0.1235,8.8567,0.0071,0.0071,10.1579
047,18_pop200,2025-10-29 05:11:17,115884.51,2606,286.0,1.2218,0.1974,9.9439,0.0114,0.0114,11.3776
048,18_pop200,2025-10-29 05:11:17,115569.96,2637,314.55,1.13,0.1124,10.1156,0.009,0.009,11.3713
049,18_pop200,2025-10-29 05:11:17,115272.24,2666,297.72,1.4639,0.1483,9.7172,0.007,0.007,11.3375
050,18_pop200,2025-10-29 05:11:17,115072.22,2701,200.01,1.1763,0.129,8.7645,0.0102,0.0102,10.0839
051,18_pop200,2025-10-29 05:11:17,115512.31,2731,440.08,1.1636,0.2764,8.63,0.0102,0.0102,10.0845
052,18_pop200,2025-10-29 05:11:17,114850.39,2748,661.92,1.1607,0.1073,9.6527,0.0092,0.0092,10.9328
053,18_pop200,2025-10-29 05:11:17,114696.2,2774,154.19,1.3069,0.1351,9.0323,0.0092,0.0092,10.4898
054,18_pop200,2025-10-29 05:11:17,114532.89,2800,163.31,1.3415,0.1043,9.9564,0.005,0.005,11.4103
055,18_pop200,2025-10-29 05:11:17,114471.78,2833,61.12,1.3871,0.205,9.571,0.0084,0.0084,11.174
056,18_pop200,2025-10-29 05:11:17,114279.82,2860,191.96,1.2781,0.129,9.1109,0.0131,0.0131,10.5382
057,18_pop200,2025-10-29 05:11:17,114091.42,2891,188.4,1.3493,0.1144,9.5968,0.0121,0.0121,11.0767
058,18_pop200,2025-10-29 05:11:17,113932.97,2908,158.45,1.4379,0.1097,10.3674,0.0112,0.0112,11.9302
059,18_pop200,2025-10-29 05:11:17,113816.76,2938,116.21,1.56,0.1142,10.7351,0.0081,0.0081,12.4217
060,18_pop200,2025-10-29 05:11:17,113705.72,2949,111.04,1.6008,0.167,11.6715,0.0113,0.0113,13.4542
061,18_pop200,2025-10-29 05:11:17,114136.23,2966,430.52,1.5625,0.1144,7.899,0.008,0.008,9.5871
062,18_pop200,2025-10-29 05:11:17,113699.81,2999,436.42,1.3226,0.138,8.9969,0.0091,0.0091,10.4698
063,18_pop200,2025-10-29 05:11:17,113522.36,3019,177.45,1.5361,0.1096,10.1827,0.0082,0.0082,11.8395
064,18_pop200,2025-10-29 05:11:17,113274.53,3041,247.83,1.3049,0.1246,9.0624,0.01,0.01,10.505
065,18_pop200,2025-10-29 05:11:17,113108.42,3066,166.11,1.3836,0.1095,10.2114,0.005,0.005,11.7124
066,18_pop200,2025-10-29 05:11:17,112967.23,3094,141.19,1.2395,0.1514,9.8051,0.0064,0.0064,11.2066
067,18_pop200,2025-10-29 05:11:17,112828.18,3118,139.05,1.2477,0.1012,9.8298,0.0102,0.0102,11.1928
068,18_pop200,2025-10-29 05:11:17,112734.41,3142,93.77,1.2599,0.1297,10.7043,0.007,0.007,12.105
069,18_pop200,2025-10-29 05:11:17,112611.17,3165,123.24,1.4096,0.1238,11.2591,0.0092,0.0092,12.8049
070,18_pop200,2025-10-29 05:11:17,112395.8,3180,215.37,1.2818,0.1074,9.4338,0.0081,0.0081,10.834
071,18_pop200,2025-10-29 05:11:17,112971.96,3197,576.16,1.3757,0.1328,8.4533,0.0082,0.0082,9.972
072,18_pop200,2025-10-29 05:11:17,112538.78,3223,433.19,1.4538,0.1249,10.0063,0.0081,0.0081,11.5951
073,18_pop200,2025-10-29 05:11:17,112344.01,3245,194.77,1.2253,0.0984,10.8212,0.006,0.006,12.1528
074,18_pop200,2025-10-29 05:11:17,112150.92,3267,193.09,1.6248,0.1084,9.965,0.0081,0.0081,11.7105
075,18_pop200,2025-10-29 05:11:17,112013.19,3292,137.73,1.4555,0.1153,10.3314,0.0081,0.0081,11.9123
076,18_pop200,2025-10-29 05:11:17,111911.39,3320,101.81,1.7591,0.1114,9.9491,0.008,0.008,11.8305
077,18_pop200,2025-10-29 05:11:17,111781.39,3337,130.0,1.5049,0.2063,11.6693,0.0071,0.0071,13.3957
078,18_pop200,2025-10-29 05:11:17,111627.47,3367,153.93,1.4533,0.1474,10.2603,0.0135,0.0135,11.8816
079,18_pop200,2025-10-29 05:11:17,111506.44,3401,121.02,1.6035,0.1124,10.2853,0.0093,0.0093,12.0141
080,18_pop200,2025-10-29 05:11:17,111396.74,3436,109.71,1.5054,0.0984,10.6285,0.0102,0.0102,12.2465
081,18_pop200,2025-10-29 05:11:17,111829.52,3453,432.79,1.6162,0.1022,8.1617,0.0126,0.0126,9.8967
082,18_pop200,2025-10-29 05:11:17,111438.96,3480,390.56,1.622,0.0981,9.6822,0.0112,0.0112,11.4174
083,18_pop200,2025-10-29 05:11:17,111237.25,3499,201.71,1.5933,0.1308,8.9154,0.005,0.005,10.6487
084,18_pop200,2025-10-29 05:11:17,111153.36,3532,83.89,1.7577,0.1156,10.0944,0.0092,0.0092,11.9811
085,18_pop200,2025-10-29 05:11:17,110978.74,3554,174.63,1.4968,0.1104,8.8852,0.0092,0.0092,10.5047
086,18_pop200,2025-10-29 05:11:17,110867.93,3580,110.81,1.6981,0.1,9.7316,0.007,0.007,11.543
087,18_pop200,2025-10-29 05:11:17,110677.37,3598,190.55,1.5304,0.1326,9.9127,0.0085,0.0085,11.5897
088,18_pop200,2025-10-29 05:11:17,110583.42,3629,93.96,1.6799,0.1031,9.5942,0.005,0.005,11.3849
089,18_pop200,2025-10-29 05:11:17,110404.05,3648,179.36,1.6854,0.1014,9.7185,0.0082,0.0082,11.5166
090,18_pop200,2025-10-29 05:11:17,110264.42,3674,139.64,1.5758,0.1277,9.6188,0.0082,0.0082,11.3336
091,18_pop200,2025-10-29 05:11:17,110900.19,3698,635.77,1.5686,0.1001,9.3151,0.0071,0.0071,10.9938
092,18_pop200,2025-10-29 05:11:17,110524.03,3731,376.16,1.7616,0.1327,9.4767,0.0061,0.0061,11.3821
093,18_pop200,2025-10-29 05:11:17,110399.68,3748,124.35,1.8265,0.0978,9.4919,0.0061,0.0061,11.4263
094,18_pop200,2025-10-29 05:11:17,110310.64,3781,89.04,1.7047,0.1,11.1311,0.0102,0.0102,12.9489
095,18_pop200,2025-10-29 05:11:17,110234.96,3802,75.68,1.8941,0.1095,10.428,0.007,0.007,12.4437
096,18_pop200,2025-10-29 05:11:17,110113.39,3824,121.57,1.8199,0.0973,9.5792,0.0063,0.0063,11.5067
097,18_pop200,2025-10-29 05:11:17,110035.49,3858,77.9,1.7679,0.1665,10.3296,0.0121,0.0121,12.2797
098,18_pop200,2025-10-29 05:11:17,109961.55,3897,73.94,1.7333,0.1488,10.6273,0.006,0.006,12.521
099,18_pop200,2025-10-29 05:11:17,109805.67,3926,155.88,1.775,0.1647,10.505,0.0082,0.0082,12.4575
100,18_pop200,2025-10-29 05:11:17,109723.65,3950,82.02,1.9671,0.1256,11.692,0.0092,0.0092,13.797
