Iteration,Experiment,Time,Objective,Columns,Difference,RMP_time,Graph_time,SPFA_time,Label_time,Filter_time,Iteration_time
001,19_pop200,2025-10-29 05:29:50,152700.24,1506,1000000.0,0.4623,0.1125,9.2288,0.0081,0.0081,9.8148
002,19_pop200,2025-10-29 05:29:50,149892.48,1529,2807.76,0.7249,0.1329,9.1125,0.0091,0.0091,9.9804
003,19_pop200,2025-10-29 05:29:50,147441.38,1549,2451.09,0.5581,0.1196,8.4952,0.0161,0.0161,9.19
004,19_pop200,2025-10-29 05:29:50,145741.32,1566,1700.06,0.6735,0.1235,7.7368,0.0133,0.0133,8.55
005,19_pop200,2025-10-29 05:29:50,144656.12,1581,1085.2,0.5869,0.1276,9.4421,0.0112,0.0112,10.1698
006,19_pop200,2025-10-29 05:29:50,142739.73,1609,1916.39,0.6194,0.1175,9.3837,0.0102,0.0102,10.1328
007,19_pop200,2025-10-29 05:29:50,141628.1,1637,1111.62,0.6033,0.1247,8.826,0.0132,0.0132,9.5681
008,19_pop200,2025-10-29 05:29:50,140222.42,1658,1405.69,0.6301,0.1128,9.3475,0.0142,0.0142,10.1066
009,19_pop200,2025-10-29 05:29:50,138605.16,1687,1617.26,0.621,0.1764,8.8439,0.0122,0.0122,9.6546
010,19_pop200,2025-10-29 05:29:50,136811.92,1701,1793.24,0.6701,0.1165,7.9426,0.0172,0.0172,8.7485
011,19_pop200,2025-10-29 05:29:50,135875.4,1721,936.52,0.6804,0.1252,8.6739,0.0141,0.0141,9.4947
012,19_pop200,2025-10-29 05:29:50,134533.99,1744,1341.42,0.6813,0.1916,8.4308,0.0143,0.0143,9.3205
013,19_pop200,2025-10-29 05:29:50,133485.99,1766,1047.99,0.6459,0.1173,8.5173,0.0082,0.0082,9.2919
014,19_pop200,2025-10-29 05:29:50,132504.12,1786,981.87,0.7302,0.1255,7.8903,0.0131,0.0131,8.7611
015,19_pop200,2025-10-29 05:29:50,131195.54,1806,1308.58,0.8022,0.1688,9.5019,0.0134,0.0134,10.5007
016,19_pop200,2025-10-29 05:29:50,130545.27,1827,650.27,0.8441,0.1701,10.0321,0.006,0.006,11.0554
017,19_pop200,2025-10-29 05:29:50,129457.19,1851,1088.07,0.7186,0.1146,8.0048,0.0111,0.0111,8.8514
018,19_pop200,2025-10-29 05:29:50,128371.79,1873,1085.41,0.7803,0.1518,8.7355,0.008,0.008,9.6776
019,19_pop200,2025-10-29 05:29:50,126979.24,1891,1392.55,0.73,0.1263,9.282,0.0113,0.0113,10.1525
020,19_pop200,2025-10-29 05:29:50,126182.93,1915,796.31,0.8816,0.1676,9.672,0.0072,0.0072,10.7317
021,19_pop200,2025-10-29 05:29:50,126407.94,1934,225.01,0.7542,0.1185,8.1407,0.0082,0.0082,9.0236
022,19_pop200,2025-10-29 05:29:50,125435.14,1946,972.81,0.7342,0.1112,8.4329,0.0143,0.0143,9.2968
023,19_pop200,2025-10-29 05:29:50,124896.45,1967,538.69,0.7516,0.1155,8.971,0.0144,0.0144,9.8546
024,19_pop200,2025-10-29 05:29:50,124097.33,1995,799.12,0.7483,0.1271,9.2611,0.0062,0.0062,10.1456
025,19_pop200,2025-10-29 05:29:50,123645.04,2014,452.3,0.7849,0.1123,7.8386,0.0101,0.0101,8.747
026,19_pop200,2025-10-29 05:29:50,123242.53,2038,402.5,0.9906,0.1334,9.8894,0.0102,0.0102,11.0256
027,19_pop200,2025-10-29 05:29:50,122658.18,2065,584.35,0.9409,0.1075,9.3216,0.0052,0.0052,10.3772
028,19_pop200,2025-10-29 05:29:50,121995.9,2089,662.28,0.8694,0.1244,9.6034,0.0101,0.0101,10.6105
029,19_pop200,2025-10-29 05:29:50,121293.16,2111,702.75,1.0401,0.1675,9.8841,0.0071,0.0071,11.101
030,19_pop200,2025-10-29 05:29:50,120786.75,2138,506.41,0.856,0.1215,9.6331,0.0091,0.0091,10.6218
031,19_pop200,2025-10-29 05:29:50,120281.89,2162,504.86,0.8146,0.1816,9.0645,0.0111,0.0111,10.0748
032,19_pop200,2025-10-29 05:29:50,119374.61,2185,907.27,0.8849,0.1144,9.2077,0.0101,0.0101,10.2192
033,19_pop200,2025-10-29 05:29:50,119129.79,2210,244.82,0.9814,0.1204,9.4557,0.0092,0.0092,10.5696
034,19_pop200,2025-10-29 05:29:50,118665.81,2223,463.98,0.9955,0.1535,9.5029,0.0123,0.0123,10.6673
035,19_pop200,2025-10-29 05:29:50,118277.76,2254,388.04,0.9806,0.1353,8.8529,0.0122,0.0122,9.9847
036,19_pop200,2025-10-29 05:29:50,117934.48,2279,343.28,1.0105,0.1197,9.412,0.005,0.005,10.552
037,19_pop200,2025-10-29 05:29:50,117525.72,2304,408.76,0.9699,0.1186,9.1525,0.0082,0.0082,10.2511
038,19_pop200,2025-10-29 05:29:50,117131.01,2330,394.72,0.9767,0.1264,10.1162,0.0212,0.0212,11.2454
039,19_pop200,2025-10-29 05:29:50,116692.16,2350,438.85,1.1296,0.1173,8.4531,0.0164,0.0164,9.7204
040,19_pop200,2025-10-29 05:29:50,116541.57,2377,150.58,1.0753,0.1406,8.2786,0.0103,0.0103,9.5058
041,19_pop200,2025-10-29 05:29:50,117288.48,2391,746.9,1.1613,0.1863,8.2355,0.0123,0.0123,9.598
042,19_pop200,2025-10-29 05:29:50,116654.21,2418,634.27,1.0375,0.1124,9.1826,0.0111,0.0111,10.3457
043,19_pop200,2025-10-29 05:29:50,116225.95,2433,428.26,1.0047,0.1134,7.773,0.0144,0.0144,8.9269
044,19_pop200,2025-10-29 05:29:50,115982.69,2452,243.26,1.1027,0.1019,8.5502,0.0214,0.0214,9.7771
045,19_pop200,2025-10-29 05:29:50,115767.53,2479,215.16,1.1657,0.1132,9.1748,0.0131,0.0131,10.4698
046,19_pop200,2025-10-29 05:29:50,115593.4,2507,174.13,1.1929,0.1128,8.1398,0.0133,0.0133,9.4633
047,19_pop200,2025-10-29 05:29:50,115372.33,2523,221.07,1.1971,0.1103,9.2397,0.0071,0.0071,10.5567
048,19_pop200,2025-10-29 05:29:50,115205.41,2546,166.92,1.0917,0.1201,9.2943,0.0072,0.0072,10.5153
049,19_pop200,2025-10-29 05:29:50,114948.96,2572,256.45,1.3068,0.2074,9.1848,0.006,0.006,10.7099
050,19_pop200,2025-10-29 05:29:50,114730.65,2592,218.31,1.6166,0.1378,8.98,0.0111,0.0111,10.7518
051,19_pop200,2025-10-29 05:29:50,115262.56,2609,531.91,1.1237,0.1093,7.5648,0.017,0.017,8.8241
052,19_pop200,2025-10-29 05:29:50,114822.8,2639,439.76,1.1518,0.1437,7.7822,0.0082,0.0082,9.0878
053,19_pop200,2025-10-29 05:29:50,114573.26,2661,249.54,1.1368,0.1075,7.9464,0.0151,0.0151,9.2101
054,19_pop200,2025-10-29 05:29:50,114309.86,2679,263.4,1.375,0.1751,9.1332,0.008,0.008,10.6945
055,19_pop200,2025-10-29 05:29:50,114120.59,2711,189.26,1.1522,0.1085,9.9276,0.007,0.007,11.1995
056,19_pop200,2025-10-29 05:29:50,113931.26,2733,189.33,1.2963,0.2061,9.1497,0.0104,0.0104,10.6672
057,19_pop200,2025-10-29 05:29:50,113798.33,2761,132.93,1.298,0.1065,9.9371,0.0123,0.0123,11.3559
058,19_pop200,2025-10-29 05:29:50,113660.71,2795,137.62,1.3356,0.1318,10.7022,0.0071,0.0071,12.1788
059,19_pop200,2025-10-29 05:29:50,113571.01,2823,89.7,1.1906,0.1647,9.4311,0.0062,0.0062,10.7977
060,19_pop200,2025-10-29 05:29:50,113436.89,2846,134.12,1.5205,0.1122,8.968,0.0101,0.0101,10.6139
061,19_pop200,2025-10-29 05:29:50,115020.47,2867,1583.58,1.2849,0.1057,8.7451,0.0111,0.0111,10.1504
062,19_pop200,2025-10-29 05:29:50,114244.01,2896,776.46,1.3336,0.1126,8.5659,0.0091,0.0091,10.0265
063,19_pop200,2025-10-29 05:29:50,113801.61,2930,442.4,1.3727,0.1157,9.3235,0.0086,0.0086,10.8226
064,19_pop200,2025-10-29 05:29:50,113461.09,2958,340.51,1.3689,0.1288,9.2883,0.0072,0.0072,10.7961
065,19_pop200,2025-10-29 05:29:50,113203.12,2990,257.98,1.5226,0.1045,8.7252,0.0132,0.0132,10.3685
066,19_pop200,2025-10-29 05:29:50,112865.29,3020,337.83,1.5137,0.1226,9.6082,0.0122,0.0122,11.2609
067,19_pop200,2025-10-29 05:29:50,112669.87,3043,195.41,1.2428,0.1301,10.1333,0.0145,0.0145,11.527
068,19_pop200,2025-10-29 05:29:50,112390.06,3072,279.81,1.3417,0.1193,9.6289,0.0073,0.0073,11.1012
069,19_pop200,2025-10-29 05:29:50,112256.99,3103,133.08,1.2726,0.1337,10.0625,0.007,0.007,11.4769
070,19_pop200,2025-10-29 05:29:50,112127.82,3125,129.17,1.3117,0.1004,11.0084,0.0101,0.0101,12.4317
071,19_pop200,2025-10-29 05:29:50,112604.84,3147,477.03,1.2975,0.1155,9.1692,0.005,0.005,10.5893
072,19_pop200,2025-10-29 05:29:50,112337.98,3183,266.86,1.2488,0.1354,11.4294,0.0092,0.0092,12.8276
073,19_pop200,2025-10-29 05:29:50,112142.65,3209,195.33,1.4645,0.1601,9.371,0.0088,0.0088,11.0101
074,19_pop200,2025-10-29 05:29:50,111930.25,3242,212.4,1.442,0.1033,9.613,0.0052,0.0052,11.1665
075,19_pop200,2025-10-29 05:29:50,111745.33,3278,184.92,1.2815,0.1523,9.5737,0.0112,0.0112,11.021
076,19_pop200,2025-10-29 05:29:50,111639.91,3304,105.42,1.5389,0.1032,10.3471,0.0081,0.0081,12.0013
077,19_pop200,2025-10-29 05:29:50,111492.67,3330,147.24,1.4969,0.0993,10.0687,0.009,0.009,11.6784
078,19_pop200,2025-10-29 05:29:50,111361.57,3358,131.1,1.407,0.1698,11.3024,0.0061,0.0061,12.8903
079,19_pop200,2025-10-29 05:29:50,111271.82,3387,89.75,1.3608,0.1053,11.7392,0.0082,0.0082,13.2155
080,19_pop200,2025-10-29 05:29:50,111193.43,3406,78.39,1.4894,0.1436,9.9437,0.0081,0.0081,11.5878
081,19_pop200,2025-10-29 05:29:50,111896.08,3425,702.65,1.3836,0.098,9.087,0.007,0.007,10.5787
082,19_pop200,2025-10-29 05:29:50,111644.76,3452,251.31,1.5572,0.1377,10.2092,0.0112,0.0112,11.9179
083,19_pop200,2025-10-29 05:29:50,111492.95,3476,151.81,1.6095,0.2142,8.1864,0.0092,0.0092,10.0223
084,19_pop200,2025-10-29 05:29:50,111394.39,3503,98.55,1.4666,0.1003,9.2613,0.009,0.009,10.8411
085,19_pop200,2025-10-29 05:29:50,111315.48,3533,78.92,1.6218,0.1523,9.6863,0.0134,0.0134,11.4788
086,19_pop200,2025-10-29 05:29:50,111257.28,3563,58.19,1.5738,0.1052,10.3134,0.0081,0.0081,12.0031
087,19_pop200,2025-10-29 05:29:50,111211.59,3595,45.7,1.7262,0.1091,10.4446,0.006,0.006,12.29
088,19_pop200,2025-10-29 05:29:50,111177.62,3615,33.96,2.0568,0.097,10.0751,0.005,0.005,12.236
089,19_pop200,2025-10-29 05:29:50,111083.62,3639,94.01,1.7795,0.1018,8.3493,0.0082,0.0082,10.2407
090,19_pop200,2025-10-29 05:29:50,111012.06,3668,71.56,1.7215,0.0991,9.6825,0.0062,0.0062,11.5114
091,19_pop200,2025-10-29 05:29:50,112366.61,3694,1354.55,1.6529,0.1073,7.5874,0.008,0.008,9.3597
092,19_pop200,2025-10-29 05:29:50,111765.99,3717,600.61,1.5845,0.1486,8.3253,0.0133,0.0133,10.0758
093,19_pop200,2025-10-29 05:29:50,111501.33,3743,264.66,1.6467,0.1616,9.9136,0.0086,0.0086,11.7418
094,19_pop200,2025-10-29 05:29:50,111379.6,3769,121.74,1.8159,0.1002,9.6282,0.0102,0.0102,11.557
095,19_pop200,2025-10-29 05:29:50,111297.78,3802,81.82,1.8573,0.1105,9.166,0.0102,0.0102,11.1461
096,19_pop200,2025-10-29 05:29:50,111201.27,3830,96.51,1.6551,0.093,9.7546,0.005,0.005,11.5109
097,19_pop200,2025-10-29 05:29:50,111143.76,3858,57.51,1.8372,0.0941,9.8074,0.0111,0.0111,11.7518
098,19_pop200,2025-10-29 05:29:50,111053.93,3883,89.83,1.8827,0.1291,9.8543,0.0062,0.0062,11.8754
099,19_pop200,2025-10-29 05:29:50,110999.47,3905,54.46,1.761,0.2192,11.2248,0.0082,0.0082,13.2204
100,19_pop200,2025-10-29 05:29:50,110918.07,3925,81.4,1.833,0.1225,9.6558,0.005,0.005,11.6192
