Iteration,Experiment,Time,Objective,Columns,Difference,RMP_time,Graph_time,SPFA_time,Label_time,Filter_time,Iteration_time
001,20_pop200,2025-10-29 05:48:16,154202.88,1529,1000000.0,0.5836,0.1271,7.0336,0.019,0.019,7.7664
002,20_pop200,2025-10-29 05:48:16,151198.92,1553,3003.96,0.5493,0.1243,9.453,0.004,0.004,10.1321
003,20_pop200,2025-10-29 05:48:16,148285.27,1569,2913.65,0.5479,0.1155,8.5955,0.0132,0.0132,9.2754
004,20_pop200,2025-10-29 05:48:16,146601.23,1600,1684.03,0.5723,0.1395,10.0291,0.0109,0.0109,10.7545
005,20_pop200,2025-10-29 05:48:16,144645.5,1619,1955.74,0.7271,0.1704,9.4547,0.005,0.005,10.3591
006,20_pop200,2025-10-29 05:48:16,142735.27,1646,1910.23,0.6171,0.1287,9.0463,0.0092,0.0092,9.8023
007,20_pop200,2025-10-29 05:48:16,141024.92,1669,1710.35,0.6165,0.1213,9.1326,0.0091,0.0091,9.8816
008,20_pop200,2025-10-29 05:48:16,139443.55,1682,1581.37,0.641,0.1266,8.2075,0.0141,0.0141,8.9953
009,20_pop200,2025-10-29 05:48:16,138943.05,1708,500.5,0.6959,0.1703,8.5598,0.0111,0.0111,9.4605
010,20_pop200,2025-10-29 05:48:16,137801.73,1738,1141.31,0.645,0.1195,9.8524,0.0072,0.0072,10.6261
011,20_pop200,2025-10-29 05:48:16,137139.2,1758,662.54,0.9424,0.2207,9.4356,0.0249,0.0249,10.6266
012,20_pop200,2025-10-29 05:48:16,136264.84,1777,874.36,0.6957,0.1275,9.8926,0.005,0.005,10.7234
013,20_pop200,2025-10-29 05:48:16,135357.99,1796,906.85,0.6584,0.1229,8.7507,0.0071,0.0071,9.5454
014,20_pop200,2025-10-29 05:48:16,133996.36,1815,1361.63,0.7725,0.1192,9.1718,0.0102,0.0102,10.0767
015,20_pop200,2025-10-29 05:48:16,132730.82,1835,1265.54,0.7203,0.1195,8.287,0.007,0.007,9.1368
016,20_pop200,2025-10-29 05:48:16,131838.95,1853,891.87,0.7722,0.1296,8.9724,0.0083,0.0083,9.8846
017,20_pop200,2025-10-29 05:48:16,130793.74,1873,1045.2,0.8928,0.2465,8.7464,0.0082,0.0082,9.899
018,20_pop200,2025-10-29 05:48:16,129778.55,1900,1015.19,0.7525,0.1699,9.2348,0.0122,0.0122,10.1718
019,20_pop200,2025-10-29 05:48:16,128534.66,1921,1243.89,0.8447,0.1397,9.3898,0.0124,0.0124,10.3886
020,20_pop200,2025-10-29 05:48:16,127080.94,1939,1453.72,0.9724,0.1268,8.3984,0.0081,0.0081,9.5082
021,20_pop200,2025-10-29 05:48:16,127550.61,1955,469.68,0.8099,0.1184,7.5374,0.006,0.006,8.4739
022,20_pop200,2025-10-29 05:48:16,126501.54,1981,1049.07,0.8322,0.1215,9.5129,0.006,0.006,10.4736
023,20_pop200,2025-10-29 05:48:16,125613.44,2008,888.1,0.7703,0.1191,10.0801,0.007,0.007,10.9797
024,20_pop200,2025-10-29 05:48:16,124509.45,2032,1103.99,0.8979,0.1376,9.737,0.0091,0.0091,10.7858
025,20_pop200,2025-10-29 05:48:16,123883.15,2058,626.3,0.8004,0.1093,8.9181,0.0131,0.0131,9.8419
026,20_pop200,2025-10-29 05:48:16,123091.15,2073,792.01,0.8291,0.1095,8.6743,0.0096,0.0096,9.717
027,20_pop200,2025-10-29 05:48:16,122368.18,2091,722.97,0.8118,0.1115,9.0528,0.0123,0.0123,9.9916
028,20_pop200,2025-10-29 05:48:16,121543.07,2113,825.1,1.0245,0.1204,10.2798,0.0082,0.0082,11.4348
029,20_pop200,2025-10-29 05:48:16,120764.72,2132,778.36,0.9931,0.2208,10.1675,0.0162,0.0162,11.4025
030,20_pop200,2025-10-29 05:48:16,120158.73,2150,605.99,0.8835,0.1176,8.349,0.0192,0.0192,9.3728
031,20_pop200,2025-10-29 05:48:16,120417.65,2179,258.93,0.8683,0.1102,8.311,0.0111,0.0111,9.3016
032,20_pop200,2025-10-29 05:48:16,119787.14,2190,630.51,0.9732,0.1206,7.7831,0.0113,0.0113,8.8913
033,20_pop200,2025-10-29 05:48:16,119186.45,2210,600.69,0.9013,0.1199,9.3974,0.0071,0.0071,10.4297
034,20_pop200,2025-10-29 05:48:16,118541.24,2227,645.21,0.9112,0.1106,8.8365,0.0052,0.0052,9.8665
035,20_pop200,2025-10-29 05:48:16,118157.23,2246,384.01,1.0373,0.1401,8.3105,0.0121,0.0121,9.5015
036,20_pop200,2025-10-29 05:48:16,117816.65,2272,340.58,0.9809,0.1175,8.8937,0.0096,0.0096,10.0052
037,20_pop200,2025-10-29 05:48:16,117316.0,2288,500.65,0.9533,0.1113,9.8096,0.0102,0.0102,10.8867
038,20_pop200,2025-10-29 05:48:16,117047.67,2307,268.33,0.9698,0.1135,9.8371,0.0102,0.0102,10.9346
039,20_pop200,2025-10-29 05:48:16,116596.67,2333,451.0,1.0568,0.1264,8.6504,0.0082,0.0082,9.8458
040,20_pop200,2025-10-29 05:48:16,116280.69,2353,315.98,1.1213,0.1398,8.7724,0.0102,0.0102,10.0446
041,20_pop200,2025-10-29 05:48:16,116766.06,2380,485.36,1.3148,0.1203,9.0479,0.0181,0.0181,10.5021
042,20_pop200,2025-10-29 05:48:16,116269.38,2403,496.68,1.0264,0.1107,10.2122,0.0082,0.0082,11.3621
043,20_pop200,2025-10-29 05:48:16,115822.68,2427,446.7,1.1682,0.1367,9.6868,0.0179,0.0179,11.0126
044,20_pop200,2025-10-29 05:48:16,115438.45,2446,384.23,1.064,0.1167,7.5147,0.0112,0.0112,8.7085
045,20_pop200,2025-10-29 05:48:16,115094.68,2475,343.77,1.1738,0.1286,8.9694,0.0203,0.0203,10.2961
046,20_pop200,2025-10-29 05:48:16,114743.0,2505,351.68,1.1823,0.1204,10.0461,0.0072,0.0072,11.3581
047,20_pop200,2025-10-29 05:48:16,114431.87,2524,311.13,1.1331,0.1092,9.385,0.0082,0.0082,10.6387
048,20_pop200,2025-10-29 05:48:16,114227.63,2558,204.25,1.1267,0.1734,9.3886,0.0061,0.0061,10.6992
049,20_pop200,2025-10-29 05:48:16,113875.95,2577,351.68,1.3298,0.1161,9.3506,0.0101,0.0101,10.8098
050,20_pop200,2025-10-29 05:48:16,113603.72,2607,272.23,1.1447,0.1222,9.0258,0.01,0.01,10.307
051,20_pop200,2025-10-29 05:48:16,114339.65,2627,735.93,1.1414,0.1131,9.1248,0.0111,0.0111,10.3925
052,20_pop200,2025-10-29 05:48:16,113678.27,2652,661.38,1.1459,0.1519,8.5664,0.0091,0.0091,9.8789
053,20_pop200,2025-10-29 05:48:16,113374.72,2676,303.55,1.1054,0.1366,8.3645,0.0101,0.0101,9.6207
054,20_pop200,2025-10-29 05:48:16,113062.83,2706,311.89,1.2426,0.1098,7.9908,0.0085,0.0085,9.3552
055,20_pop200,2025-10-29 05:48:16,112733.5,2719,329.32,1.3399,0.1144,8.6296,0.0081,0.0081,10.094
056,20_pop200,2025-10-29 05:48:16,112579.92,2753,153.58,1.2117,0.1054,8.9671,0.0102,0.0102,10.2963
057,20_pop200,2025-10-29 05:48:16,112364.3,2772,215.62,1.1837,0.1045,8.9745,0.0084,0.0084,10.2742
058,20_pop200,2025-10-29 05:48:16,112198.36,2792,165.94,1.2995,0.3938,9.6395,0.0082,0.0082,11.3482
059,20_pop200,2025-10-29 05:48:16,111986.08,2828,212.29,1.4437,0.1166,8.4948,0.0082,0.0082,10.0664
060,20_pop200,2025-10-29 05:48:16,111835.18,2851,150.89,1.3404,0.1105,8.1261,0.0081,0.0081,9.5883
061,20_pop200,2025-10-29 05:48:16,112785.76,2865,950.57,1.3262,0.1357,8.4245,0.0092,0.0092,9.8976
062,20_pop200,2025-10-29 05:48:16,112304.62,2891,481.13,1.3131,0.169,8.8898,0.0063,0.0063,10.3822
063,20_pop200,2025-10-29 05:48:16,111974.26,2912,330.37,1.3352,0.1047,7.5108,0.0061,0.0061,8.9588
064,20_pop200,2025-10-29 05:48:16,111721.42,2950,252.84,1.5511,0.1388,10.3892,0.0092,0.0092,12.0932
065,20_pop200,2025-10-29 05:48:16,111530.96,2978,190.46,1.5071,0.1167,10.0923,0.0101,0.0101,11.7293
066,20_pop200,2025-10-29 05:48:16,111344.44,3007,186.52,1.399,0.1777,10.2419,0.0082,0.0082,11.8288
067,20_pop200,2025-10-29 05:48:16,111145.99,3032,198.45,1.4547,0.1,9.5694,0.005,0.005,11.1311
068,20_pop200,2025-10-29 05:48:16,110972.99,3065,172.99,1.1948,0.1032,10.9987,0.0062,0.0062,12.305
069,20_pop200,2025-10-29 05:48:16,110796.57,3089,176.42,1.2092,0.1006,10.308,0.0072,0.0072,11.627
070,20_pop200,2025-10-29 05:48:16,110682.02,3115,114.56,1.4556,0.0981,9.8825,0.0153,0.0153,11.4545
071,20_pop200,2025-10-29 05:48:16,110872.73,3130,190.71,1.2638,0.1789,9.115,0.0071,0.0071,10.6047
072,20_pop200,2025-10-29 05:48:16,110566.37,3158,306.36,1.3815,0.1274,8.9344,0.0092,0.0092,10.4555
073,20_pop200,2025-10-29 05:48:16,110403.88,3179,162.49,1.4539,0.0951,9.9541,0.0113,0.0113,11.5184
074,20_pop200,2025-10-29 05:48:16,110256.02,3199,147.86,1.4392,0.1526,8.9667,0.0073,0.0073,10.5706
075,20_pop200,2025-10-29 05:48:16,110084.96,3235,171.06,1.4271,0.111,10.7976,0.0112,0.0112,12.3505
076,20_pop200,2025-10-29 05:48:16,109961.03,3252,123.92,1.519,0.1366,9.6562,0.0092,0.0092,11.3236
077,20_pop200,2025-10-29 05:48:16,109819.36,3269,141.68,1.4757,0.1005,8.4173,0.0082,0.0082,10.0051
078,20_pop200,2025-10-29 05:48:16,109694.43,3308,124.92,1.3645,0.1052,9.4832,0.0072,0.0072,10.964
079,20_pop200,2025-10-29 05:48:16,109476.98,3340,217.45,1.473,0.1341,9.5053,0.0166,0.0166,11.1325
080,20_pop200,2025-10-29 05:48:16,109276.12,3361,200.86,1.6099,0.143,10.1827,0.0072,0.0072,11.9438
081,20_pop200,2025-10-29 05:48:16,109561.45,3375,285.33,1.4917,0.1002,8.0406,0.0062,0.0062,9.6418
082,20_pop200,2025-10-29 05:48:16,109288.08,3400,273.37,1.5961,0.1023,11.9656,0.0091,0.0091,13.6761
083,20_pop200,2025-10-29 05:48:16,108980.21,3422,307.87,1.6745,0.0971,9.807,0.0112,0.0112,11.5919
084,20_pop200,2025-10-29 05:48:16,108807.37,3447,172.84,1.3453,0.1369,9.2727,0.0091,0.0091,10.7667
085,20_pop200,2025-10-29 05:48:16,108632.39,3485,174.97,1.5135,0.1006,8.9682,0.0122,0.0122,10.5995
086,20_pop200,2025-10-29 05:48:16,108505.48,3512,126.92,1.6413,0.102,9.3009,0.006,0.006,11.0543
087,20_pop200,2025-10-29 05:48:16,108399.49,3537,105.99,1.649,0.1572,10.7797,0.0082,0.0082,12.6022
088,20_pop200,2025-10-29 05:48:16,108186.35,3555,213.13,1.6219,0.1726,8.8194,0.006,0.006,10.625
089,20_pop200,2025-10-29 05:48:16,108078.17,3575,108.18,1.7841,0.1279,9.3944,0.005,0.005,11.3144
090,20_pop200,2025-10-29 05:48:16,107930.44,3604,147.73,1.5384,0.1003,9.4691,0.0122,0.0122,11.1269
091,20_pop200,2025-10-29 05:48:16,108407.92,3633,477.48,1.621,0.1001,8.64,0.0062,0.0062,10.3694
092,20_pop200,2025-10-29 05:48:16,107968.27,3667,439.65,1.7455,0.094,8.8078,0.0121,0.0121,10.6627
093,20_pop200,2025-10-29 05:48:16,107806.93,3694,161.34,1.5774,0.0942,10.2527,0.009,0.009,11.9375
094,20_pop200,2025-10-29 05:48:16,107694.2,3725,112.73,1.7746,0.1102,8.8748,0.0071,0.0071,10.7728
095,20_pop200,2025-10-29 05:48:16,107519.71,3754,174.49,1.5974,0.1411,9.0825,0.0103,0.0103,10.8353
096,20_pop200,2025-10-29 05:48:16,107451.94,3781,67.77,1.6883,0.1049,9.6013,0.009,0.009,11.4057
097,20_pop200,2025-10-29 05:48:16,107395.74,3807,56.19,1.6502,0.0961,7.9652,0.0126,0.0126,9.7276
098,20_pop200,2025-10-29 05:48:16,107310.37,3827,85.37,2.0199,0.1216,8.868,0.0081,0.0081,11.0214
099,20_pop200,2025-10-29 05:48:16,107238.61,3855,71.76,1.8194,0.1349,9.1486,0.0112,0.0112,11.1171
100,20_pop200,2025-10-29 05:48:16,107120.3,3887,118.31,1.981,0.0921,9.4279,0.0081,0.0081,11.5111
