Iteration,Experiment,Time,Objective,Columns,Difference,RMP_time,Graph_time,SPFA_time,Label_time,Filter_time,Iteration_time
001,24_pop200,2025-10-29 07:04:58,155100.21,1525,1000000.0,0.7041,0.1666,8.7629,0.0092,0.0092,9.6513
002,24_pop200,2025-10-29 07:04:58,151292.04,1551,3808.17,0.5853,0.1328,9.3146,0.0152,0.0152,10.0509
003,24_pop200,2025-10-29 07:04:58,148038.03,1569,3254.01,0.6133,0.1204,9.4389,0.0173,0.0173,10.1988
004,24_pop200,2025-10-29 07:04:58,146044.84,1590,1993.19,0.6165,0.1205,8.4458,0.0102,0.0102,9.195
005,24_pop200,2025-10-29 07:04:58,143687.6,1610,2357.24,0.6208,0.1368,8.8704,0.0061,0.0061,9.6368
006,24_pop200,2025-10-29 07:04:58,141450.47,1625,2237.13,0.6819,0.2027,8.7946,0.0082,0.0082,9.6914
007,24_pop200,2025-10-29 07:04:58,139582.86,1646,1867.61,0.7062,0.1571,9.8142,0.0091,0.0091,10.6897
008,24_pop200,2025-10-29 07:04:58,138301.93,1672,1280.93,0.6455,0.1167,10.7388,0.0091,0.0091,11.5132
009,24_pop200,2025-10-29 07:04:58,136606.59,1691,1695.33,0.6451,0.1612,9.7893,0.0212,0.0212,10.6203
010,24_pop200,2025-10-29 07:04:58,135462.78,1711,1143.82,0.7922,0.1294,8.7276,0.0102,0.0102,9.6625
011,24_pop200,2025-10-29 07:04:58,134681.61,1729,781.17,0.68,0.176,11.1362,0.0172,0.0172,12.0119
012,24_pop200,2025-10-29 07:04:58,133196.37,1743,1485.24,0.7414,0.1223,9.5407,0.0132,0.0132,10.4215
013,24_pop200,2025-10-29 07:04:58,132340.15,1765,856.22,0.7682,0.2289,9.6999,0.0143,0.0143,10.7146
014,24_pop200,2025-10-29 07:04:58,131538.56,1790,801.6,0.7649,0.1357,8.4854,0.0111,0.0111,9.399
015,24_pop200,2025-10-29 07:04:58,130576.27,1809,962.29,0.6818,0.1195,8.8726,0.0071,0.0071,9.684
016,24_pop200,2025-10-29 07:04:58,129882.06,1830,694.21,0.7188,0.1088,9.1385,0.0091,0.0091,9.9783
017,24_pop200,2025-10-29 07:04:58,128757.36,1855,1124.69,0.7056,0.1269,10.7533,0.012,0.012,11.606
018,24_pop200,2025-10-29 07:04:58,127803.18,1870,954.19,0.9322,0.188,9.621,0.0181,0.0181,10.7614
019,24_pop200,2025-10-29 07:04:58,126906.65,1889,896.53,0.7889,0.1244,8.7986,0.0125,0.0125,9.7264
020,24_pop200,2025-10-29 07:04:58,126517.1,1906,389.55,0.8888,0.1719,10.2066,0.0122,0.0122,11.2822
021,24_pop200,2025-10-29 07:04:58,126558.32,1931,41.23,0.7323,0.1732,9.7449,0.0091,0.0091,10.6649
022,24_pop200,2025-10-29 07:04:58,126081.37,1957,476.95,0.8998,0.1368,10.3315,0.0092,0.0092,11.3794
023,24_pop200,2025-10-29 07:04:58,125398.7,1976,682.67,0.8897,0.1171,10.7696,0.0111,0.0111,11.7907
024,24_pop200,2025-10-29 07:04:58,124522.39,1993,876.3,0.8688,0.1173,10.3763,0.0108,0.0108,11.3767
025,24_pop200,2025-10-29 07:04:58,123936.71,2019,585.69,0.8384,0.1175,9.4741,0.0061,0.0061,10.4407
026,24_pop200,2025-10-29 07:04:58,123568.8,2039,367.91,0.854,0.1222,11.7445,0.0082,0.0082,12.731
027,24_pop200,2025-10-29 07:04:58,122970.71,2062,598.09,0.8671,0.181,8.4456,0.0101,0.0101,9.5079
028,24_pop200,2025-10-29 07:04:58,122486.71,2083,484.01,0.8748,0.1158,8.5531,0.0121,0.0121,9.5568
029,24_pop200,2025-10-29 07:04:58,121910.49,2102,576.21,0.9966,0.1317,8.9281,0.0132,0.0132,10.0727
030,24_pop200,2025-10-29 07:04:58,121538.17,2130,372.32,1.0356,0.1192,9.2292,0.006,0.006,10.3956
031,24_pop200,2025-10-29 07:04:58,121471.9,2149,66.28,0.9276,0.13,10.049,0.0071,0.0071,11.1148
032,24_pop200,2025-10-29 07:04:58,121015.69,2177,456.21,0.9567,0.1793,9.0269,0.0172,0.0172,10.1858
033,24_pop200,2025-10-29 07:04:58,120580.45,2199,435.23,1.0831,0.1701,8.5141,0.0072,0.0072,9.7785
034,24_pop200,2025-10-29 07:04:58,120134.66,2224,445.79,0.9883,0.1849,9.0543,0.0112,0.0112,10.2434
035,24_pop200,2025-10-29 07:04:58,119655.59,2237,479.07,0.939,0.1781,8.8027,0.0102,0.0102,9.9485
036,24_pop200,2025-10-29 07:04:58,119243.96,2258,411.63,0.9778,0.1257,15.0188,0.015,0.015,16.1456
037,24_pop200,2025-10-29 07:04:58,118641.25,2279,602.71,1.3078,0.1343,12.0265,0.0112,0.0112,13.4837
038,24_pop200,2025-10-29 07:04:58,118135.78,2297,505.46,1.4919,0.1803,11.9685,0.0072,0.0072,13.6528
039,24_pop200,2025-10-29 07:04:58,117743.49,2316,392.29,1.1233,0.1508,12.3455,0.007,0.007,13.6286
040,24_pop200,2025-10-29 07:04:58,117396.47,2339,347.02,1.1712,0.139,11.89,0.0092,0.0092,13.2134
041,24_pop200,2025-10-29 07:04:58,117519.94,2357,123.47,1.2989,0.2388,11.7809,0.0083,0.0083,13.3363
042,24_pop200,2025-10-29 07:04:58,117138.4,2377,381.54,1.2932,0.1512,11.0033,0.0101,0.0101,12.4589
043,24_pop200,2025-10-29 07:04:58,116749.24,2401,389.16,1.3016,0.157,12.421,0.0105,0.0105,13.8948
044,24_pop200,2025-10-29 07:04:58,116394.46,2416,354.78,1.2764,0.1656,11.0759,0.014,0.014,12.5355
045,24_pop200,2025-10-29 07:04:58,116110.35,2438,284.12,1.2441,0.1386,11.4939,0.0162,0.0162,12.9014
046,24_pop200,2025-10-29 07:04:58,115781.68,2462,328.67,1.549,0.1407,11.2285,0.0062,0.0062,12.9275
047,24_pop200,2025-10-29 07:04:58,115385.28,2493,396.4,1.2389,0.1443,10.0939,0.0101,0.0101,11.4893
048,24_pop200,2025-10-29 07:04:58,115130.33,2528,254.95,1.1562,0.1259,10.6325,0.006,0.006,11.9236
049,24_pop200,2025-10-29 07:04:58,114899.32,2551,231.0,1.2531,0.1214,10.1696,0.0072,0.0072,11.5542
050,24_pop200,2025-10-29 07:04:58,114629.82,2571,269.5,1.298,0.1821,10.6684,0.0173,0.0173,12.1679
051,24_pop200,2025-10-29 07:04:58,114872.93,2593,243.12,1.1038,0.1177,9.6417,0.0092,0.0092,10.8754
052,24_pop200,2025-10-29 07:04:58,114405.28,2618,467.65,1.2417,0.1408,10.3573,0.0071,0.0071,11.7501
053,24_pop200,2025-10-29 07:04:58,114120.24,2637,285.04,1.1882,0.1114,8.9942,0.0084,0.0084,10.3052
054,24_pop200,2025-10-29 07:04:58,113878.79,2662,241.45,1.3414,0.1304,10.0183,0.0152,0.0152,11.5082
055,24_pop200,2025-10-29 07:04:58,113644.09,2683,234.7,1.3557,0.1287,9.3792,0.0181,0.0181,10.8849
056,24_pop200,2025-10-29 07:04:58,113372.48,2713,271.61,1.6303,0.1117,11.2315,0.0092,0.0092,12.9855
057,24_pop200,2025-10-29 07:04:58,113194.45,2731,178.04,1.4383,0.1147,8.938,0.0072,0.0072,10.5014
058,24_pop200,2025-10-29 07:04:58,112898.06,2755,296.39,1.3877,0.1315,10.0529,0.0081,0.0081,11.5843
059,24_pop200,2025-10-29 07:04:58,112633.32,2788,264.74,1.4337,0.1173,9.8365,0.007,0.007,11.3974
060,24_pop200,2025-10-29 07:04:58,112322.68,2814,310.65,1.3816,0.1894,8.9294,0.0175,0.0175,10.5211
061,24_pop200,2025-10-29 07:04:58,113651.9,2836,1329.23,1.3198,0.1406,8.1047,0.0131,0.0131,9.5812
062,24_pop200,2025-10-29 07:04:58,112914.57,2862,737.33,1.5217,0.149,9.4422,0.0162,0.0162,11.1338
063,24_pop200,2025-10-29 07:04:58,112524.26,2888,390.32,1.4484,0.1083,8.945,0.0112,0.0112,10.5169
064,24_pop200,2025-10-29 07:04:58,112084.74,2913,439.52,1.4081,0.125,9.7088,0.0104,0.0104,11.2565
065,24_pop200,2025-10-29 07:04:58,111846.29,2942,238.45,1.3674,0.167,8.6773,0.0102,0.0102,10.2254
066,24_pop200,2025-10-29 07:04:58,111687.23,2971,159.06,1.5765,0.1253,8.889,0.007,0.007,10.6
067,24_pop200,2025-10-29 07:04:58,111560.28,2998,126.95,1.9042,0.1215,9.0438,0.0071,0.0071,11.0807
068,24_pop200,2025-10-29 07:04:58,111441.44,3025,118.83,1.4201,0.1215,9.5131,0.0102,0.0102,11.0709
069,24_pop200,2025-10-29 07:04:58,111315.57,3056,125.87,1.4561,0.1387,9.469,0.0092,0.0092,11.0761
070,24_pop200,2025-10-29 07:04:58,111227.96,3084,87.61,1.4958,0.1094,9.6059,0.0071,0.0071,11.2212
071,24_pop200,2025-10-29 07:04:58,112215.66,3103,987.69,1.3167,0.1608,10.2254,0.0107,0.0107,11.7183
072,24_pop200,2025-10-29 07:04:58,111771.17,3121,444.49,1.4345,0.1019,9.4784,0.0174,0.0174,11.0348
073,24_pop200,2025-10-29 07:04:58,111526.3,3144,244.87,1.3514,0.1935,8.6852,0.0111,0.0111,10.2456
074,24_pop200,2025-10-29 07:04:58,111339.55,3176,186.75,1.487,0.1347,9.2314,0.0111,0.0111,10.8671
075,24_pop200,2025-10-29 07:04:58,111114.55,3198,225.0,1.436,0.109,9.807,0.0102,0.0102,11.3642
076,24_pop200,2025-10-29 07:04:58,110950.46,3220,164.1,1.4298,0.1677,10.0651,0.0086,0.0086,11.6757
077,24_pop200,2025-10-29 07:04:58,110804.94,3240,145.51,1.4317,0.101,10.9276,0.0091,0.0091,12.4719
078,24_pop200,2025-10-29 07:04:58,110685.02,3269,119.92,1.6267,0.1013,9.7607,0.0072,0.0072,11.5009
079,24_pop200,2025-10-29 07:04:58,110603.02,3287,82.0,1.4923,0.1369,10.2085,0.0093,0.0093,11.8502
080,24_pop200,2025-10-29 07:04:58,110519.64,3308,83.38,1.4616,0.1095,10.1925,0.0083,0.0083,11.7748
081,24_pop200,2025-10-29 07:04:58,111359.41,3329,839.77,1.5244,0.1086,9.5045,0.0052,0.0052,11.1478
082,24_pop200,2025-10-29 07:04:58,110877.58,3349,481.83,1.5028,0.2024,8.9373,0.0062,0.0062,10.6548
083,24_pop200,2025-10-29 07:04:58,110683.85,3372,193.73,1.5365,0.1851,9.7246,0.0094,0.0094,11.4687
084,24_pop200,2025-10-29 07:04:58,110584.79,3415,99.06,1.5692,0.1034,10.5607,0.0164,0.0164,12.2547
085,24_pop200,2025-10-29 07:04:58,110453.94,3449,130.85,1.6408,0.1103,8.5374,0.0096,0.0096,10.3005
086,24_pop200,2025-10-29 07:04:58,110329.64,3483,124.31,1.6144,0.1969,9.1656,0.006,0.006,10.9862
087,24_pop200,2025-10-29 07:04:58,110251.85,3515,77.79,1.7147,0.1448,9.9538,0.0092,0.0092,11.8257
088,24_pop200,2025-10-29 07:04:58,110193.39,3536,58.46,1.9482,0.2063,9.5836,0.006,0.006,11.7483
089,24_pop200,2025-10-29 07:04:58,110113.98,3554,79.41,1.7785,0.1002,9.3882,0.0162,0.0162,11.2871
090,24_pop200,2025-10-29 07:04:58,110032.34,3585,81.64,1.5888,0.1627,9.1524,0.0092,0.0092,10.9558
091,24_pop200,2025-10-29 07:04:58,110423.56,3609,391.22,1.7648,0.2058,9.2897,0.0081,0.0081,11.2705
092,24_pop200,2025-10-29 07:04:58,110161.72,3643,261.85,1.7175,0.1636,9.625,0.009,0.009,11.5173
093,24_pop200,2025-10-29 07:04:58,109988.03,3671,173.69,1.7682,0.0962,9.6016,0.0092,0.0092,11.4772
094,24_pop200,2025-10-29 07:04:58,109917.51,3701,70.52,1.6434,0.1517,9.5846,0.006,0.006,11.3898
095,24_pop200,2025-10-29 07:04:58,109838.77,3737,78.75,1.8383,0.1055,9.8581,0.005,0.005,11.8099
096,24_pop200,2025-10-29 07:04:58,109768.45,3755,70.32,1.8852,0.1137,10.3078,0.0062,0.0062,12.316
097,24_pop200,2025-10-29 07:04:58,109695.66,3787,72.79,1.9415,0.0997,9.9163,0.0081,0.0081,11.9716
098,24_pop200,2025-10-29 07:04:58,109611.37,3815,84.29,1.8316,0.1281,11.1885,0.0091,0.0091,13.1613
099,24_pop200,2025-10-29 07:04:58,109512.23,3850,99.14,1.8521,0.0983,10.6876,0.0093,0.0093,12.6512
100,24_pop200,2025-10-29 07:04:58,109417.36,3877,94.88,1.8901,0.0913,9.9931,0.0072,0.0072,11.9858
