Iteration,Experiment,Time,Objective,Columns,Difference,RMP_time,Graph_time,SPFA_time,Label_time,Filter_time,Iteration_time
001,28_pop200,2025-10-29 08:21:51,155335.98,1523,1000000.0,0.5716,0.1735,10.1212,0.0121,0.0121,10.8815
002,28_pop200,2025-10-29 08:21:51,150821.55,1547,4514.43,0.6635,0.1268,9.2975,0.0134,0.0134,10.1032
003,28_pop200,2025-10-29 08:21:51,148166.81,1565,2654.74,0.664,0.1326,8.1441,0.0192,0.0192,8.9658
004,28_pop200,2025-10-29 08:21:51,145447.02,1587,2719.79,0.6585,0.1153,9.1617,0.0091,0.0091,9.9477
005,28_pop200,2025-10-29 08:21:51,142862.66,1611,2584.36,0.6147,0.1226,9.8361,0.0102,0.0102,10.5855
006,28_pop200,2025-10-29 08:21:51,140730.74,1631,2131.92,0.6207,0.1387,8.963,0.0124,0.0124,9.7367
007,28_pop200,2025-10-29 08:21:51,138980.91,1650,1749.82,0.6337,0.1336,8.6203,0.011,0.011,9.4006
008,28_pop200,2025-10-29 08:21:51,137226.59,1670,1754.32,0.7278,0.1336,9.1516,0.011,0.011,10.0261
009,28_pop200,2025-10-29 08:21:51,135110.04,1696,2116.55,0.7311,0.1315,8.7771,0.0082,0.0082,9.6498
010,28_pop200,2025-10-29 08:21:51,133964.81,1726,1145.24,0.7252,0.1388,9.1728,0.0091,0.0091,10.0485
011,28_pop200,2025-10-29 08:21:51,133626.32,1749,338.49,0.7397,0.1285,9.1982,0.0081,0.0081,10.0766
012,28_pop200,2025-10-29 08:21:51,132188.53,1768,1437.79,0.8416,0.149,10.4845,0.0091,0.0091,11.4872
013,28_pop200,2025-10-29 08:21:51,131019.51,1786,1169.02,0.6848,0.1284,8.8188,0.0151,0.0151,9.6502
014,28_pop200,2025-10-29 08:21:51,129953.13,1804,1066.38,0.7661,0.1195,9.2179,0.0101,0.0101,10.1146
015,28_pop200,2025-10-29 08:21:51,129059.49,1831,893.64,0.8423,0.1195,9.4749,0.0143,0.0143,10.452
016,28_pop200,2025-10-29 08:21:51,127755.79,1850,1303.71,0.7402,0.1257,8.3461,0.0111,0.0111,9.2258
017,28_pop200,2025-10-29 08:21:51,126690.5,1875,1065.28,0.891,0.1265,9.1098,0.0178,0.0178,10.1476
018,28_pop200,2025-10-29 08:21:51,125899.55,1896,790.95,0.9061,0.1642,9.4311,0.0121,0.0121,10.5176
019,28_pop200,2025-10-29 08:21:51,124876.46,1915,1023.1,0.7909,0.1133,8.6204,0.0111,0.0111,9.5388
020,28_pop200,2025-10-29 08:21:51,124187.43,1941,689.03,0.9567,0.1243,9.1997,0.0102,0.0102,10.2942
021,28_pop200,2025-10-29 08:21:51,124193.81,1953,6.38,0.8305,0.1367,8.8415,0.0204,0.0204,9.8377
022,28_pop200,2025-10-29 08:21:51,123515.52,1982,678.29,0.8988,0.152,9.6922,0.0121,0.0121,10.7601
023,28_pop200,2025-10-29 08:21:51,122522.13,2005,993.39,0.8359,0.1145,8.5162,0.0159,0.0159,9.4888
024,28_pop200,2025-10-29 08:21:51,121880.16,2022,641.97,0.9187,0.1359,8.4184,0.0213,0.0213,9.4978
025,28_pop200,2025-10-29 08:21:51,120983.42,2047,896.74,0.9369,0.1692,8.703,0.0142,0.0142,9.8263
026,28_pop200,2025-10-29 08:21:51,120513.67,2062,469.76,0.884,0.1225,9.2306,0.0083,0.0083,10.2483
027,28_pop200,2025-10-29 08:21:51,120042.3,2089,471.37,0.8502,0.1194,9.6378,0.0082,0.0082,10.6196
028,28_pop200,2025-10-29 08:21:51,119443.9,2126,598.39,0.899,0.1275,14.3685,0.0103,0.0103,15.4073
029,28_pop200,2025-10-29 08:21:51,118944.66,2146,499.24,0.9366,0.1493,10.5658,0.0091,0.0091,11.6659
030,28_pop200,2025-10-29 08:21:51,118437.41,2173,507.25,0.9896,0.1934,10.494,0.0134,0.0134,11.6934
031,28_pop200,2025-10-29 08:21:51,119656.16,2192,1218.75,0.9272,0.1217,9.055,0.008,0.008,10.114
032,28_pop200,2025-10-29 08:21:51,118779.66,2212,876.5,0.9379,0.1232,8.7914,0.0081,0.0081,9.8616
033,28_pop200,2025-10-29 08:21:51,117949.24,2233,830.42,1.0249,0.1488,9.5,0.0092,0.0092,10.6858
034,28_pop200,2025-10-29 08:21:51,117384.76,2257,564.48,1.0575,0.1225,9.4315,0.0122,0.0122,10.6268
035,28_pop200,2025-10-29 08:21:51,117024.14,2282,360.62,0.9616,0.1471,10.9412,0.0112,0.0112,12.0631
036,28_pop200,2025-10-29 08:21:51,116735.77,2301,288.37,0.9658,0.1217,9.0807,0.0101,0.0101,10.1823
037,28_pop200,2025-10-29 08:21:51,116328.36,2324,407.41,0.9816,0.1248,11.074,0.0081,0.0081,12.1926
038,28_pop200,2025-10-29 08:21:51,116105.99,2341,222.37,1.0742,0.1164,9.0246,0.0143,0.0143,10.2345
039,28_pop200,2025-10-29 08:21:51,115821.72,2359,284.27,1.1072,0.1417,9.1464,0.008,0.008,10.4065
040,28_pop200,2025-10-29 08:21:51,115494.18,2389,327.54,1.0878,0.1315,9.1269,0.007,0.007,10.3552
041,28_pop200,2025-10-29 08:21:51,116095.1,2410,600.92,1.0497,0.1247,9.7764,0.0132,0.0132,10.968
042,28_pop200,2025-10-29 08:21:51,115448.12,2441,646.98,1.0888,0.2143,9.2949,0.0121,0.0121,10.6121
043,28_pop200,2025-10-29 08:21:51,114934.91,2471,513.21,1.1623,0.1361,9.0477,0.0072,0.0072,10.3573
044,28_pop200,2025-10-29 08:21:51,114655.81,2494,279.1,1.2605,0.1227,9.7693,0.0072,0.0072,11.1638
045,28_pop200,2025-10-29 08:21:51,114535.64,2513,120.17,1.1076,0.1186,9.064,0.0081,0.0081,10.3013
046,28_pop200,2025-10-29 08:21:51,114400.71,2536,134.93,1.3116,0.1532,9.1823,0.0091,0.0091,10.6589
047,28_pop200,2025-10-29 08:21:51,114179.22,2554,221.49,1.3265,0.153,10.8329,0.0091,0.0091,12.3256
048,28_pop200,2025-10-29 08:21:51,113904.65,2583,274.57,1.1818,0.1177,10.9443,0.0112,0.0112,12.2599
049,28_pop200,2025-10-29 08:21:51,113722.33,2604,182.32,1.2713,0.1163,10.6104,0.0122,0.0122,12.0137
050,28_pop200,2025-10-29 08:21:51,113569.28,2641,153.05,1.4334,0.1311,10.8668,0.0141,0.0141,12.4495
051,28_pop200,2025-10-29 08:21:51,114842.3,2671,1273.02,1.3099,0.158,11.1335,0.0132,0.0132,12.6198
052,28_pop200,2025-10-29 08:21:51,114126.28,2702,716.02,1.3799,0.3206,9.6721,0.0091,0.0091,11.3858
053,28_pop200,2025-10-29 08:21:51,113600.57,2725,525.71,1.3443,0.1159,8.6512,0.0154,0.0154,10.1295
054,28_pop200,2025-10-29 08:21:51,113417.85,2746,182.72,1.3301,0.1905,9.8971,0.0092,0.0092,11.4305
055,28_pop200,2025-10-29 08:21:51,113266.63,2774,151.22,1.4606,0.1681,10.2106,0.0101,0.0101,11.8534
056,28_pop200,2025-10-29 08:21:51,113119.31,2794,147.32,1.3391,0.1388,9.8793,0.0101,0.0101,11.3693
057,28_pop200,2025-10-29 08:21:51,112973.95,2814,145.36,1.4278,0.1213,9.7503,0.006,0.006,11.3084
058,28_pop200,2025-10-29 08:21:51,112887.58,2847,86.37,1.3436,0.1187,10.1459,0.0082,0.0082,11.6193
059,28_pop200,2025-10-29 08:21:51,112768.51,2874,119.07,1.5779,0.1122,10.6347,0.0102,0.0102,12.3379
060,28_pop200,2025-10-29 08:21:51,112586.06,2900,182.45,1.404,0.1293,9.7878,0.0102,0.0102,11.3353
061,28_pop200,2025-10-29 08:21:51,113301.98,2921,715.92,1.2853,0.1154,8.6978,0.005,0.005,10.1066
062,28_pop200,2025-10-29 08:21:51,112828.75,2954,473.23,1.3141,0.1102,10.1193,0.0165,0.0165,11.5612
063,28_pop200,2025-10-29 08:21:51,112479.81,2979,348.94,1.5585,0.119,11.1023,0.0161,0.0161,12.7991
064,28_pop200,2025-10-29 08:21:51,112165.19,3004,314.62,1.7398,0.1252,9.1011,0.0092,0.0092,10.9794
065,28_pop200,2025-10-29 08:21:51,111990.42,3028,174.76,1.3373,0.1062,11.2963,0.0092,0.0092,12.7531
066,28_pop200,2025-10-29 08:21:51,111836.69,3054,153.74,1.4,0.1091,10.4182,0.0081,0.0081,11.9374
067,28_pop200,2025-10-29 08:21:51,111679.68,3085,157.0,1.5976,0.1157,10.9393,0.006,0.006,12.6618
068,28_pop200,2025-10-29 08:21:51,111597.56,3102,82.12,1.4346,0.144,9.9429,0.0101,0.0101,11.5356
069,28_pop200,2025-10-29 08:21:51,111513.63,3123,83.93,1.3248,0.104,9.6288,0.0131,0.0131,11.0737
070,28_pop200,2025-10-29 08:21:51,111436.14,3148,77.49,1.4415,0.1798,9.4805,0.0082,0.0082,11.1134
071,28_pop200,2025-10-29 08:21:51,112183.64,3170,747.5,1.4471,0.1167,8.0849,0.0122,0.0122,9.6663
072,28_pop200,2025-10-29 08:21:51,111716.97,3196,466.67,1.6763,0.1184,8.7177,0.005,0.005,10.5226
073,28_pop200,2025-10-29 08:21:51,111456.76,3216,260.21,1.5395,0.1002,11.285,0.0079,0.0079,12.9369
074,28_pop200,2025-10-29 08:21:51,111299.48,3241,157.28,1.4423,0.1113,9.2875,0.0102,0.0102,10.8558
075,28_pop200,2025-10-29 08:21:51,111132.7,3275,166.78,1.3715,0.1496,9.7804,0.0102,0.0102,11.3142
076,28_pop200,2025-10-29 08:21:51,110865.94,3311,266.75,1.5348,0.1101,9.6309,0.0071,0.0071,11.2851
077,28_pop200,2025-10-29 08:21:51,110769.92,3335,96.02,1.5955,0.2251,9.7537,0.0105,0.0105,11.5883
078,28_pop200,2025-10-29 08:21:51,110634.16,3371,135.76,1.5427,0.0994,10.5632,0.004,0.004,12.2147
079,28_pop200,2025-10-29 08:21:51,110490.02,3400,144.14,1.6439,0.1077,9.3055,0.0082,0.0082,11.0693
080,28_pop200,2025-10-29 08:21:51,110370.29,3422,119.73,1.5199,0.1834,9.6875,0.0091,0.0091,11.4063
081,28_pop200,2025-10-29 08:21:51,111454.95,3453,1084.66,1.5591,0.1001,9.0692,0.0062,0.0062,10.7361
082,28_pop200,2025-10-29 08:21:51,111014.33,3489,440.62,1.4802,0.2309,9.4312,0.0092,0.0092,11.1555
083,28_pop200,2025-10-29 08:21:51,110706.29,3514,308.04,1.6532,0.1054,9.7675,0.0102,0.0102,11.5392
084,28_pop200,2025-10-29 08:21:51,110531.78,3543,174.51,1.6472,0.1541,9.5665,0.006,0.006,11.3773
085,28_pop200,2025-10-29 08:21:51,110315.36,3570,216.42,1.8084,0.1016,9.6429,0.0071,0.0071,11.5653
086,28_pop200,2025-10-29 08:21:51,110231.34,3597,84.02,1.6629,0.1199,9.7438,0.0112,0.0112,11.5409
087,28_pop200,2025-10-29 08:21:51,110098.84,3639,132.51,1.7227,0.0992,9.8986,0.0072,0.0072,11.7327
088,28_pop200,2025-10-29 08:21:51,109966.13,3680,132.71,1.9073,0.111,10.3059,0.005,0.005,12.3334
089,28_pop200,2025-10-29 08:21:51,109843.64,3707,122.49,1.7789,0.1276,9.264,0.01,0.01,11.182
090,28_pop200,2025-10-29 08:21:51,109714.61,3724,129.03,1.8008,0.0951,9.6691,0.0091,0.0091,11.5766
091,28_pop200,2025-10-29 08:21:51,110259.95,3749,545.34,1.7119,0.1135,8.0581,0.0091,0.0091,9.8956
092,28_pop200,2025-10-29 08:21:51,109884.51,3787,375.44,1.7741,0.1038,9.6051,0.0071,0.0071,11.4933
093,28_pop200,2025-10-29 08:21:51,109711.58,3808,172.93,2.3046,0.1196,8.7967,0.0101,0.0101,11.2362
094,28_pop200,2025-10-29 08:21:51,109589.08,3835,122.49,2.3137,0.151,9.2324,0.0072,0.0072,11.7074
095,28_pop200,2025-10-29 08:21:51,109448.55,3865,140.53,1.9251,0.1966,9.3504,0.0102,0.0102,11.4925
096,28_pop200,2025-10-29 08:21:51,109265.32,3895,183.24,2.0199,0.0984,10.6779,0.0072,0.0072,12.8073
097,28_pop200,2025-10-29 08:21:51,109069.35,3916,195.96,2.0114,0.1004,9.6548,0.0092,0.0092,11.7788
098,28_pop200,2025-10-29 08:21:51,108935.88,3942,133.48,1.9381,0.0928,10.2479,0.0102,0.0102,12.292
099,28_pop200,2025-10-29 08:21:51,108794.88,3967,140.99,2.3234,0.1529,10.6673,0.005,0.005,13.1516
100,28_pop200,2025-10-29 08:21:51,108721.06,3995,73.82,1.9468,0.1084,9.4604,0.007,0.007,11.5256
