Iteration,Experiment,Time,Objective,Columns,Difference,RMP_time,Graph_time,SPFA_time,Label_time,Filter_time,Iteration_time
001,8_pop200,2025-10-29 01:58:20,152501.64,1519,1000000.0,0.7449,0.1651,18.2301,0.007,0.007,19.1502
002,8_pop200,2025-10-29 01:58:20,148727.73,1543,3773.91,0.7127,0.1715,15.0554,0.0181,0.0181,15.9622
003,8_pop200,2025-10-29 01:58:20,145673.57,1564,3054.16,0.9606,0.3946,14.5463,0.0129,0.0129,15.9301
004,8_pop200,2025-10-29 01:58:20,143420.32,1588,2253.25,0.7704,0.1703,12.3532,0.012,0.012,13.3079
005,8_pop200,2025-10-29 01:58:20,141524.09,1612,1896.23,0.8669,0.1624,12.5106,0.0112,0.0112,13.5562
006,8_pop200,2025-10-29 01:58:20,139390.21,1628,2133.88,0.6321,0.129,9.6555,0.0134,0.0134,10.4325
007,8_pop200,2025-10-29 01:58:20,138274.75,1649,1115.46,0.6418,0.1413,12.437,0.0066,0.0066,13.2292
008,8_pop200,2025-10-29 01:58:20,136815.38,1670,1459.37,1.4632,0.163,10.5312,0.007,0.007,12.1674
009,8_pop200,2025-10-29 01:58:20,135769.94,1694,1045.44,0.7131,0.1631,11.123,0.0096,0.0096,12.01
010,8_pop200,2025-10-29 01:58:20,134211.7,1718,1558.24,0.841,0.1436,11.3704,0.015,0.015,12.3719
011,8_pop200,2025-10-29 01:58:20,133008.26,1728,1203.44,0.7153,0.1398,10.747,0.0151,0.0151,11.6201
012,8_pop200,2025-10-29 01:58:20,132363.05,1742,645.22,1.0865,0.2355,10.707,0.0125,0.0125,12.0529
013,8_pop200,2025-10-29 01:58:20,131569.95,1764,793.1,1.7213,0.2594,10.1536,0.0145,0.0145,12.1544
014,8_pop200,2025-10-29 01:58:20,130520.98,1792,1048.97,0.7288,0.1259,10.6649,0.0148,0.0148,11.5369
015,8_pop200,2025-10-29 01:58:20,129820.93,1814,700.05,0.8494,0.1364,12.2876,0.0203,0.0203,13.2968
016,8_pop200,2025-10-29 01:58:20,129034.48,1827,786.45,0.8945,0.1465,10.9826,0.0249,0.0249,12.0552
017,8_pop200,2025-10-29 01:58:20,128388.84,1852,645.64,0.9517,0.1831,13.5753,0.012,0.012,14.7271
018,8_pop200,2025-10-29 01:58:20,127293.83,1878,1095.02,0.838,0.1625,12.4425,0.014,0.014,13.4596
019,8_pop200,2025-10-29 01:58:20,126627.96,1895,665.87,1.2569,0.1572,9.5516,0.01,0.01,10.9807
020,8_pop200,2025-10-29 01:58:20,126102.76,1926,525.2,0.771,0.1455,10.6547,0.013,0.013,11.5893
021,8_pop200,2025-10-29 01:58:20,125832.55,1946,270.21,0.8891,0.1423,11.1284,0.005,0.005,12.1683
022,8_pop200,2025-10-29 01:58:20,125345.84,1962,486.71,0.9464,0.1695,8.9768,0.013,0.013,10.1087
023,8_pop200,2025-10-29 01:58:20,124786.39,1978,559.45,0.8382,0.1255,8.7167,0.008,0.008,9.6915
024,8_pop200,2025-10-29 01:58:20,124066.49,2007,719.89,0.7947,0.1125,8.6561,0.0128,0.0128,9.5787
025,8_pop200,2025-10-29 01:58:20,123429.29,2030,637.2,0.8713,0.1165,9.6979,0.011,0.011,10.6982
026,8_pop200,2025-10-29 01:58:20,123011.2,2050,418.09,0.8455,0.1115,9.3358,0.014,0.014,10.3108
027,8_pop200,2025-10-29 01:58:20,122606.5,2071,404.7,0.9642,0.1229,11.0166,0.017,0.017,12.1247
028,8_pop200,2025-10-29 01:58:20,122155.88,2101,450.62,1.1229,0.126,10.7085,0.007,0.007,11.9695
029,8_pop200,2025-10-29 01:58:20,121602.17,2123,553.72,0.8432,0.1524,10.9065,0.009,0.009,11.9122
030,8_pop200,2025-10-29 01:58:20,120961.24,2144,640.92,0.8575,0.1281,9.1078,0.006,0.006,10.1033
031,8_pop200,2025-10-29 01:58:20,121286.52,2171,325.28,0.8176,0.1085,10.0649,0.013,0.013,11.009
032,8_pop200,2025-10-29 01:58:20,120651.22,2194,635.3,1.1022,0.1385,9.016,0.012,0.012,10.2718
033,8_pop200,2025-10-29 01:58:20,119775.74,2222,875.48,1.1373,0.1317,10.7632,0.008,0.008,12.0411
034,8_pop200,2025-10-29 01:58:20,119075.34,2258,700.4,1.0099,0.1425,9.4908,0.007,0.007,10.6523
035,8_pop200,2025-10-29 01:58:20,118398.56,2292,676.78,0.9529,0.1468,9.52,0.0105,0.0105,10.6333
036,8_pop200,2025-10-29 01:58:20,117900.66,2325,497.9,1.0663,0.1427,9.2877,0.009,0.009,10.5317
037,8_pop200,2025-10-29 01:58:20,117476.22,2348,424.44,1.2032,0.1485,8.7663,0.011,0.011,10.1327
038,8_pop200,2025-10-29 01:58:20,117098.72,2381,377.5,1.0968,0.1489,12.1046,0.012,0.012,13.3643
039,8_pop200,2025-10-29 01:58:20,116660.24,2408,438.49,1.1377,0.1701,8.6554,0.012,0.012,9.9792
040,8_pop200,2025-10-29 01:58:20,116345.07,2431,315.16,1.1507,0.2091,8.7895,0.006,0.006,10.1562
041,8_pop200,2025-10-29 01:58:20,116458.72,2458,113.65,1.0301,0.1145,11.6287,0.0112,0.0112,12.7876
042,8_pop200,2025-10-29 01:58:20,115871.5,2482,587.23,1.1176,0.1177,9.4245,0.01,0.01,10.6725
043,8_pop200,2025-10-29 01:58:20,115504.73,2505,366.76,1.1113,0.1444,11.0225,0.007,0.007,12.2891
044,8_pop200,2025-10-29 01:58:20,115226.49,2530,278.24,1.3855,0.1762,9.8203,0.009,0.009,11.4512
045,8_pop200,2025-10-29 01:58:20,114647.37,2555,579.12,1.2645,0.1235,10.5309,0.007,0.007,11.929
046,8_pop200,2025-10-29 01:58:20,114362.79,2583,284.59,1.0461,0.1145,11.9717,0.005,0.005,13.1414
047,8_pop200,2025-10-29 01:58:20,114066.7,2604,296.09,1.2154,0.1325,9.361,0.012,0.012,10.7229
048,8_pop200,2025-10-29 01:58:20,113865.09,2637,201.61,1.2442,0.198,12.321,0.009,0.009,13.7743
049,8_pop200,2025-10-29 01:58:20,113596.95,2667,268.14,1.3889,0.139,10.0387,0.007,0.007,11.5776
050,8_pop200,2025-10-29 01:58:20,113304.74,2686,292.2,1.2964,0.133,9.9124,0.01,0.01,11.3569
051,8_pop200,2025-10-29 01:58:20,113913.14,2713,608.39,1.1123,0.1068,8.5222,0.007,0.007,9.7513
052,8_pop200,2025-10-29 01:58:20,113135.61,2737,777.53,1.2332,0.2806,11.9282,0.008,0.008,13.454
053,8_pop200,2025-10-29 01:58:20,112716.92,2765,418.68,1.1668,0.1843,11.3207,0.011,0.011,12.6849
054,8_pop200,2025-10-29 01:58:20,112483.66,2797,233.27,1.3609,0.1446,11.5069,0.009,0.009,13.0284
055,8_pop200,2025-10-29 01:58:20,112215.27,2812,268.38,2.5525,0.1972,11.6895,0.009,0.009,14.4522
056,8_pop200,2025-10-29 01:58:20,111957.03,2842,258.24,1.7981,0.179,11.4529,0.014,0.014,13.45
057,8_pop200,2025-10-29 01:58:20,111798.81,2875,158.22,1.4097,0.119,12.791,0.016,0.016,14.3376
058,8_pop200,2025-10-29 01:58:20,111601.16,2899,197.66,1.4511,0.1433,12.0874,0.01,0.01,13.6968
059,8_pop200,2025-10-29 01:58:20,111483.89,2919,117.27,1.3834,0.18,8.9474,0.013,0.013,10.5297
060,8_pop200,2025-10-29 01:58:20,111315.62,2937,168.27,1.3018,0.105,9.1827,0.009,0.009,10.6005
061,8_pop200,2025-10-29 01:58:20,112065.14,2959,749.52,1.2244,0.15,9.376,0.007,0.007,10.7614
062,8_pop200,2025-10-29 01:58:20,111639.36,2978,425.78,1.3603,0.111,7.8244,0.01,0.01,9.3087
063,8_pop200,2025-10-29 01:58:20,111245.34,2999,394.02,1.3753,0.094,9.6383,0.013,0.013,11.1328
064,8_pop200,2025-10-29 01:58:20,110999.56,3029,245.79,1.4547,0.113,18.2141,0.021,0.021,19.8058
065,8_pop200,2025-10-29 01:58:20,110738.25,3049,261.31,2.2094,0.2837,11.7084,0.012,0.012,14.2184
066,8_pop200,2025-10-29 01:58:20,110542.54,3074,195.71,1.0947,0.102,12.6283,0.01,0.01,13.838
067,8_pop200,2025-10-29 01:58:20,110292.86,3098,249.68,1.4039,0.109,14.3402,0.008,0.008,15.8651
068,8_pop200,2025-10-29 01:58:20,110151.17,3122,141.69,1.2768,0.114,15.9771,0.019,0.019,17.3929
069,8_pop200,2025-10-29 01:58:20,109950.36,3148,200.82,3.0702,0.253,15.9648,0.011,0.011,19.306
070,8_pop200,2025-10-29 01:58:20,109795.35,3183,155.0,2.0086,0.143,16.3216,0.009,0.009,18.4873
071,8_pop200,2025-10-29 01:58:20,110504.18,3197,708.83,2.3638,0.221,12.6449,0.008,0.008,15.2438
072,8_pop200,2025-10-29 01:58:20,110246.07,3229,258.11,2.2113,0.134,13.7029,0.007,0.007,16.0592
073,8_pop200,2025-10-29 01:58:20,109976.05,3257,270.02,1.7609,0.1602,13.3371,0.0079,0.0079,15.2711
074,8_pop200,2025-10-29 01:58:20,109832.55,3283,143.5,1.9804,0.1546,18.1658,0.0085,0.0085,20.3114
075,8_pop200,2025-10-29 01:58:20,109696.88,3317,135.67,1.8431,0.111,19.0498,0.006,0.006,21.0129
076,8_pop200,2025-10-29 01:58:20,109536.21,3334,160.67,2.1608,0.1753,15.8327,0.014,0.014,18.1867
077,8_pop200,2025-10-29 01:58:20,109385.17,3357,151.04,1.8586,0.2289,16.0028,0.007,0.007,18.1014
078,8_pop200,2025-10-29 01:58:20,109274.47,3383,110.7,1.6893,0.2385,12.5446,0.011,0.011,14.4894
079,8_pop200,2025-10-29 01:58:20,109094.67,3408,179.8,2.3139,0.118,12.7972,0.012,0.012,15.2461
080,8_pop200,2025-10-29 01:58:20,109002.04,3430,92.63,1.5342,0.117,10.8598,0.006,0.006,12.5189
081,8_pop200,2025-10-29 01:58:20,109615.44,3449,613.4,1.8842,0.1507,9.9776,0.006,0.006,12.024
082,8_pop200,2025-10-29 01:58:20,109149.19,3467,466.25,1.4855,0.1891,9.542,0.007,0.007,11.2298
083,8_pop200,2025-10-29 01:58:20,108937.07,3491,212.12,2.0699,0.145,10.2179,0.006,0.006,12.4418
084,8_pop200,2025-10-29 01:58:20,108781.8,3515,155.27,1.3899,0.089,11.2091,0.012,0.012,12.703
085,8_pop200,2025-10-29 01:58:20,108581.13,3546,200.67,1.3703,0.09,9.405,0.01,0.01,10.8768
086,8_pop200,2025-10-29 01:58:20,108411.38,3569,169.75,1.3334,0.09,9.753,0.009,0.009,11.1894
087,8_pop200,2025-10-29 01:58:20,108282.12,3592,129.26,1.5048,0.089,11.1587,0.009,0.009,12.7625
088,8_pop200,2025-10-29 01:58:20,108151.78,3620,130.33,1.9302,0.145,10.6919,0.012,0.012,12.7851
089,8_pop200,2025-10-29 01:58:20,108065.62,3648,86.16,1.7966,0.098,13.4873,0.019,0.019,15.4059
090,8_pop200,2025-10-29 01:58:20,107979.46,3668,86.17,2.5042,0.099,16.7923,0.019,0.019,19.4195
091,8_pop200,2025-10-29 01:58:20,108590.14,3686,610.69,2.2074,0.1566,11.5499,0.011,0.011,13.9289
092,8_pop200,2025-10-29 01:58:20,108206.1,3720,384.05,2.3322,0.1816,12.9463,0.004,0.004,15.4688
093,8_pop200,2025-10-29 01:58:20,107990.58,3750,215.51,1.4156,0.089,9.3535,0.008,0.008,10.8711
094,8_pop200,2025-10-29 01:58:20,107875.79,3781,114.79,1.5475,0.091,10.2127,0.008,0.008,11.8602
095,8_pop200,2025-10-29 01:58:20,107755.52,3814,120.27,1.5328,0.095,10.8138,0.007,0.007,12.4536
096,8_pop200,2025-10-29 01:58:20,107560.21,3842,195.31,1.5525,0.097,9.3747,0.0084,0.0084,11.0356
097,8_pop200,2025-10-29 01:58:20,107416.65,3865,143.56,1.5823,0.09,9.0105,0.012,0.012,10.7103
098,8_pop200,2025-10-29 01:58:20,107298.28,3895,118.36,1.5923,0.1572,9.9755,0.0073,0.0073,11.7356
099,8_pop200,2025-10-29 01:58:20,107207.28,3915,91.01,1.4784,0.091,10.0036,0.006,0.006,11.5829
100,8_pop200,2025-10-29 01:58:20,107145.9,3952,61.38,1.5646,0.094,10.7467,0.007,0.007,12.4173
